# 100 abundance file read
4 1.332797e+11
5 1.332797e+11
6 1.332797e+11
7 1.332797e+11
8 1.332797e+11
9 1.332797e+11
10 1.332797e+11
11 1.332797e+11
12 1.332797e+11
13 1.332797e+11
14 1.332797e+11
15 1.332797e+11
16 1.332797e+11
17 1.332797e+11
18 1.332797e+11
19 1.332797e+11
20 1.332797e+11
21 1.332797e+11
22 1.332797e+11
23 1.332797e+11
24 1.332797e+11
25 1.332797e+11
26 1.332797e+11
27 1.332797e+11
28 1.332797e+11
29 1.332797e+11
30 1.332797e+11
31 1.332797e+11
32 1.368540e+11
33 1.403999e+11
34 1.439193e+11
35 1.474145e+11
36 1.508843e+11
37 1.543350e+11
38 1.577675e+11
39 1.611833e+11
40 1.645834e+11
41 1.679680e+11
42 1.713381e+11
43 1.746942e+11
44 1.780398e+11
45 1.813741e+11
46 1.846986e+11
47 1.880131e+11
48 1.913152e+11
49 1.946150e+11
50 1.979058e+11
51 2.011871e+11
52 2.044620e+11
53 2.077327e+11
54 2.109977e+11
55 2.142543e+11
56 2.175063e+11
57 2.207534e+11
58 2.239941e+11
59 2.272319e+11
60 2.304662e+11
61 2.336948e+11
62 2.369198e+11
63 2.401420e+11
64 2.433619e+11
65 2.465771e+11
66 2.497893e+11
67 2.529970e+11
68 2.562012e+11
69 2.594060e+11
70 2.626103e+11
71 2.658069e+11
72 2.690057e+11
73 2.722020e+11
74 2.753946e+11
75 2.785848e+11
76 2.817741e+11
77 2.849633e+11
78 2.881495e+11
79 2.913349e+11
80 2.945184e+11
81 2.977032e+11
82 3.008823e+11
84 3.072393e+11
85 3.104200e+11
86 3.135983e+11
87 3.167744e+11
88 3.199497e+11
90 3.262954e+11
91 3.294686e+11
92 3.326425e+11
93 3.358118e+11
95 3.421548e+11
96 3.453250e+11
97 3.484941e+11
99 3.548331e+11
100 3.580008e+11
102 3.643435e+11
103 3.675068e+11
104 3.706695e+11
106 3.770013e+11
107 3.801706e+11
109 3.865036e+11
110 3.896671e+11
112 3.959976e+11
113 3.991629e+11
115 4.054900e+11
117 4.118155e+11
118 4.149777e+11
120 4.213028e+11
122 4.276292e+11
123 4.307855e+11
125 4.371136e+11
127 4.434292e+11
129 4.497555e+11
130 4.529158e+11
132 4.592364e+11
134 4.655581e+11
136 4.718803e+11
138 4.782019e+11
140 4.845189e+11
142 4.908372e+11
144 4.971523e+11
146 5.034644e+11
148 5.097808e+11
150 5.160961e+11
152 5.224101e+11
154 5.287196e+11
156 5.350315e+11
158 5.413393e+11
161 5.507903e+11
163 5.570936e+11
165 5.634012e+11
167 5.696978e+11
170 5.791470e+11
172 5.854406e+11
174 5.917316e+11
177 6.011767e+11
179 6.074654e+11
182 6.168816e+11
184 6.231579e+11
187 6.325785e+11
190 6.419990e+11
192 6.482694e+11
195 6.576817e+11
198 6.670914e+11
200 6.733564e+11
203 6.827496e+11
206 6.921464e+11
209 7.015206e+11
212 7.108902e+11
215 7.202601e+11
218 7.296246e+11
221 7.389596e+11
224 7.482904e+11
227 7.576212e+11
230 7.669580e+11
233 7.762884e+11
237 7.887139e+11
240 7.980174e+11
243 8.073078e+11
247 8.196942e+11
250 8.289553e+11
254 8.413093e+11
257 8.505536e+11
261 8.628889e+11
264 8.721293e+11
268 8.844421e+11
272 8.967321e+11
275 9.059467e+11
279 9.182038e+11
283 9.304426e+11
287 9.426627e+11
291 9.548933e+11
295 9.670890e+11
299 9.792746e+11
303 9.914242e+11
308 1.006636e+12
312 1.018757e+12
316 1.030871e+12
321 1.046008e+12
325 1.058073e+12
330 1.073165e+12
334 1.085213e+12
339 1.100235e+12
344 1.115217e+12
349 1.130236e+12
353 1.142207e+12
358 1.157138e+12
363 1.172053e+12
368 1.186973e+12
373 1.201817e+12
379 1.219641e+12
384 1.234459e+12
389 1.249269e+12
395 1.267016e+12
400 1.281752e+12
406 1.299398e+12
411 1.314107e+12
417 1.331741e+12
423 1.349311e+12
429 1.366851e+12
435 1.384352e+12
441 1.401814e+12
447 1.419262e+12
453 1.436669e+12
460 1.456982e+12
466 1.474342e+12
472 1.491661e+12
479 1.511867e+12
486 1.532030e+12
493 1.552123e+12
499 1.569318e+12
506 1.589354e+12
513 1.609366e+12
521 1.632183e+12
528 1.652099e+12
535 1.672011e+12
543 1.694715e+12
550 1.714540e+12
558 1.737193e+12
566 1.759759e+12
573 1.779519e+12
581 1.802055e+12
589 1.824605e+12
598 1.849875e+12
606 1.872294e+12
614 1.894713e+12
623 1.919930e+12
632 1.945080e+12
640 1.967409e+12
649 1.992462e+12
658 2.017477e+12
668 2.045224e+12
677 2.070215e+12
686 2.095169e+12
696 2.122866e+12
706 2.150476e+12
715 2.175290e+12
725 2.202853e+12
735 2.230357e+12
746 2.260603e+12
756 2.288068e+12
767 2.318260e+12
777 2.345604e+12
788 2.375697e+12
799 2.405734e+12
810 2.435707e+12
821 2.465679e+12
833 2.498391e+12
844 2.528351e+12
856 2.560965e+12
868 2.593530e+12
880 2.626066e+12
892 2.658608e+12
905 2.693795e+12
918 2.728962e+12
930 2.761351e+12
943 2.796389e+12
956 2.831467e+12
970 2.869130e+12
983 2.904145e+12
997 2.941892e+12
1011 2.979560e+12
1025 3.017116e+12
1039 3.054615e+12
1054 3.094870e+12
1068 3.132295e+12
1083 3.172377e+12
1098 3.212463e+12
1113 3.252620e+12
1129 3.295295e+12
1145 3.337960e+12
1161 3.380454e+12
1177 3.422956e+12
1193 3.465426e+12
1210 3.510693e+12
1227 3.555865e+12
1244 3.600951e+12
1261 3.646182e+12
1278 3.691167e+12
1296 3.738865e+12
1314 3.786444e+12
1333 3.836809e+12
1351 3.884264e+12
1370 3.934397e+12
1389 3.984585e+12
1408 4.034672e+12
1428 4.087374e+12
1448 4.140038e+12
1468 4.192616e+12
1488 4.245283e+12
1509 4.300524e+12
1530 4.355653e+12
1551 4.410709e+12
1573 4.468660e+12
1595 4.526476e+12
1617 4.584150e+12
1640 4.644511e+12
1662 4.702000e+12
1685 4.762248e+12
1709 4.825044e+12
1733 4.887817e+12
1757 4.950430e+12
1781 5.013283e+12
1806 5.078545e+12
1831 5.143674e+12
1857 5.211546e+12
1882 5.276807e+12
1909 5.347116e+12
1935 5.414793e+12
1962 5.485328e+12
1989 5.555788e+12
2017 5.628989e+12
2045 5.701898e+12
2074 5.777664e+12
2103 5.852997e+12
2132 5.928334e+12
2161 6.003664e+12
2192 6.084088e+12
2222 6.162115e+12
2253 6.242569e+12
2284 6.323129e+12
2316 6.406165e+12
2348 6.489143e+12
2381 6.574708e+12
2414 6.659990e+12
2448 6.748161e+12
2482 6.836588e+12
2516 6.924723e+12
2551 7.015673e+12
2587 7.109540e+12
2623 7.202778e+12
2659 7.295969e+12
2696 7.391932e+12
2734 7.490471e+12
2772 7.588731e+12
2810 7.687532e+12
2850 7.791503e+12
2889 7.893474e+12
2929 7.997329e+12
2970 8.103604e+12
3011 8.209787e+12
3053 8.318667e+12
3096 8.430523e+12
3139 8.542310e+12
3183 8.656464e+12
3227 8.770801e+12
3272 8.887670e+12
3317 9.004136e+12
3363 9.123173e+12
3410 9.245719e+12
3458 9.370408e+12
3506 9.494548e+12
3555 9.621798e+12
3604 9.749188e+12
3654 9.879040e+12
3705 1.001142e+13
3757 1.014596e+13
3809 1.028104e+13
3862 1.041776e+13
3916 1.055739e+13
3970 1.069821e+13
4025 1.084078e+13
4081 1.098566e+13
4138 1.113364e+13
4196 1.128411e+13
4254 1.143402e+13
4313 1.158706e+13
4373 1.174215e+13
4434 1.189961e+13
4496 1.205989e+13
4558 1.222051e+13
4622 1.238600e+13
4686 1.255335e+13
4751 1.272173e+13
4817 1.289164e+13
4884 1.306444e+13
4952 1.324041e+13
5021 1.341835e+13
5091 1.359900e+13
5162 1.378200e+13
5234 1.396792e+13
5306 1.415445e+13
5380 1.434580e+13
5455 1.454089e+13
5531 1.473750e+13
5608 1.493613e+13
5686 1.513671e+13
5765 1.534162e+13
5845 1.554831e+13
5927 1.575959e+13
6009 1.597093e+13
6093 1.618688e+13
6178 1.640660e+13
6263 1.662626e+13
6351 1.685354e+13
6439 1.707947e+13
6529 1.731203e+13
6619 1.754330e+13
6711 1.778030e+13
6805 1.802247e+13
6899 1.826305e+13
6995 1.851067e+13
7093 1.876466e+13
7191 1.901763e+13
7292 1.927741e+13
7393 1.953474e+13
7496 1.979979e+13
7600 2.006846e+13
7706 2.033833e+13
7813 2.061397e+13
7922 2.089505e+13
8032 2.117700e+13
8144 2.146440e+13
8257 2.175289e+13
8372 2.204696e+13
8488 2.234486e+13
8606 2.264735e+13
8726 2.295787e+13
8848 2.327335e+13
8971 2.358906e+13
9095 2.390499e+13
9222 2.423167e+13
9350 2.456036e+13
9480 2.489617e+13
9612 2.523223e+13
9746 2.557424e+13
9882 2.592174e+13
10019 2.627435e+13
10158 2.662804e+13
10300 2.698960e+13
10443 2.735112e+13
10588 2.772265e+13
10736 2.810377e+13
10885 2.848637e+13
11036 2.887486e+13
11190 2.926682e+13
11346 2.965931e+13
11503 3.006232e+13
11664 3.047309e+13
11826 3.088760e+13
11990 3.130983e+13
12157 3.173356e+13
12326 3.216876e+13
12498 3.260609e+13
12672 3.305532e+13
12848 3.350565e+13
13027 3.396128e+13
13208 3.441977e+13
13392 3.488505e+13
13578 3.536489e+13
13767 3.584294e+13
13958 3.633057e+13
14153 3.683135e+13
14349 3.732762e+13
14549 3.783880e+13
14751 3.834843e+13
14957 3.886908e+13
15165 3.939476e+13
15376 3.992915e+13
15590 4.046943e+13
15806 4.101726e+13
16026 4.157467e+13
16249 4.213536e+13
16475 4.270279e+13
16705 4.328877e+13
16937 4.386702e+13
17173 4.446339e+13
17412 4.507468e+13
17654 4.569686e+13
17899 4.631486e+13
18148 4.694397e+13
18401 4.758860e+13
18657 4.824316e+13
18916 4.889119e+13
19180 4.955242e+13
19446 5.022175e+13
19717 5.091385e+13
19991 5.160279e+13
20269 5.230530e+13
20551 5.301568e+13
20837 5.373587e+13
21127 5.445862e+13
21421 5.519390e+13
21719 5.595647e+13
22021 5.671078e+13
22327 5.747916e+13
22638 5.825446e+13
22953 5.904261e+13
23272 5.985185e+13
23596 6.066559e+13
23924 6.148372e+13
24257 6.232867e+13
24595 6.318462e+13
24937 6.403801e+13
25284 6.491856e+13
25635 6.580760e+13
25992 6.671352e+13
26354 6.760718e+13
26720 6.852031e+13
27092 6.945948e+13
27469 7.042494e+13
27851 7.137376e+13
28238 7.234140e+13
28631 7.332351e+13
29030 7.432008e+13
29433 7.535434e+13
29843 7.637809e+13
30258 7.742336e+13
30679 7.848656e+13
31106 7.956084e+13
31539 8.062555e+13
31977 8.171744e+13
32422 8.281162e+13
32873 8.394155e+13
33331 8.506198e+13
33794 8.618860e+13
34264 8.736639e+13
34741 8.855199e+13
35224 8.973547e+13
35714 9.093919e+13
36211 9.215977e+13
36715 9.341227e+13
37226 9.469468e+13
37744 9.595464e+13
38269 9.728644e+13
38801 9.860467e+13
39341 9.994287e+13
39888 1.013147e+14
40443 1.026931e+14
41006 1.041067e+14
41576 1.055334e+14
42154 1.070002e+14
42741 1.084673e+14
43336 1.099759e+14
43938 1.114346e+14
44550 1.129572e+14
45169 1.145151e+14
45798 1.160281e+14
46435 1.175882e+14
47081 1.192071e+14
47736 1.208441e+14
48400 1.225618e+14
49073 1.242002e+14
49756 1.259584e+14
50448 1.277250e+14
51150 1.294636e+14
51861 1.312686e+14
52583 1.331384e+14
53314 1.350058e+14
54056 1.368275e+14
54808 1.387184e+14
55571 1.405738e+14
56344 1.424868e+14
57127 1.443593e+14
57922 1.464154e+14
58728 1.484579e+14
59545 1.504769e+14
60373 1.525236e+14
61213 1.545384e+14
62065 1.565980e+14
62928 1.587128e+14
63804 1.610337e+14
64691 1.631694e+14
65591 1.653855e+14
66504 1.677328e+14
67429 1.700633e+14
68367 1.723493e+14
69318 1.747287e+14
70282 1.772357e+14
71260 1.797855e+14
72251 1.822571e+14
73256 1.847697e+14
74276 1.873962e+14
75309 1.899046e+14
76356 1.925228e+14
77419 1.952443e+14
78496 1.978905e+14
79588 2.004353e+14
80695 2.031700e+14
81817 2.058553e+14
82956 2.084802e+14
84110 2.114318e+14
85280 2.144340e+14
86466 2.172895e+14
87669 2.204849e+14
88889 2.234770e+14
90125 2.262508e+14
91379 2.295251e+14
92650 2.328563e+14
93939 2.359891e+14
95246 2.393390e+14
96571 2.426785e+14
97914 2.462160e+14
99277 2.496213e+14
100658 2.526553e+14
102058 2.560071e+14
103478 2.593014e+14
104917 2.628987e+14
106377 2.666070e+14
107857 2.704319e+14
109357 2.744358e+14
110878 2.781352e+14
112421 2.819645e+14
113985 2.857339e+14
115570 2.895032e+14
117178 2.940851e+14
118808 2.982953e+14
120461 3.026936e+14
122137 3.065215e+14
123836 3.103702e+14
125559 3.145028e+14
127305 3.194929e+14
129076 3.235470e+14
130872 3.281020e+14
132693 3.328388e+14
134539 3.373010e+14
136410 3.413110e+14
138308 3.456466e+14
140232 3.500128e+14
142183 3.548836e+14
144161 3.602319e+14
146166 3.646630e+14
148200 3.695331e+14
150261 3.748231e+14
152352 3.798942e+14
154471 3.851893e+14
156620 3.902862e+14
158799 3.956974e+14
161008 4.005200e+14
163248 4.061443e+14
165519 4.112087e+14
167821 4.174317e+14
170156 4.232560e+14
172523 4.295482e+14
174923 4.341248e+14
177357 4.404543e+14
179824 4.476952e+14
182326 4.531700e+14
184862 4.578469e+14
187434 4.661431e+14
190041 4.729213e+14
192685 4.805834e+14
195365 4.865381e+14
198083 4.922887e+14
200839 4.982323e+14
203633 5.056895e+14
206466 5.133742e+14
209338 5.205279e+14
212250 5.282062e+14
215203 5.356071e+14
218197 5.426213e+14
221232 5.476477e+14
224310 5.557870e+14
227430 5.637288e+14
230594 5.722903e+14
233802 5.812363e+14
237054 5.891617e+14
240352 5.942741e+14
243696 6.056593e+14
247086 6.107239e+14
250523 6.201611e+14
254008 6.274055e+14
257542 6.383666e+14
261125 6.492460e+14
264757 6.592477e+14
268441 6.701579e+14
272175 6.829373e+14
275961 6.999038e+14
279800 7.103297e+14
283693 7.195567e+14
287639 7.283662e+14
291641 7.415710e+14
295698 7.480547e+14
299811 7.635786e+14
303982 7.794987e+14
308211 7.864482e+14
312499 8.015433e+14
316846 8.119229e+14
321254 8.303916e+14
325723 8.380183e+14
330254 8.517532e+14
334848 8.702629e+14
339507 8.841207e+14
344230 8.954871e+14
349018 9.036034e+14
353874 9.167129e+14
358797 9.261672e+14
363788 9.362824e+14
368849 9.416168e+14
373980 9.529073e+14
379182 9.716553e+14
384457 9.784719e+14
389806 9.931175e+14
395229 1.018166e+15
400727 1.037500e+15
406301 1.037500e+15
411954 1.037500e+15
417684 1.059623e+15
423495 1.100121e+15
429386 1.100121e+15
435360 1.100121e+15
441416 1.177884e+15
447557 1.204952e+15
453783 1.204952e+15
460096 1.204952e+15
466496 1.237320e+15
472986 1.237320e+15
479566 1.237320e+15
486237 1.237320e+15
493002 1.277453e+15
499860 1.330021e+15
506814 1.405663e+15
513864 1.405663e+15
521013 1.405663e+15
528261 1.405663e+15
535610 1.539026e+15
