# 100 abundance file read
4 1.333081e+11
5 1.333081e+11
6 1.333081e+11
7 1.333081e+11
8 1.333081e+11
9 1.333081e+11
10 1.333081e+11
11 1.333081e+11
12 1.333081e+11
13 1.333081e+11
14 1.333081e+11
15 1.333081e+11
16 1.333081e+11
17 1.333081e+11
18 1.333081e+11
19 1.333081e+11
20 1.333081e+11
21 1.333081e+11
22 1.333081e+11
23 1.333081e+11
24 1.333081e+11
25 1.333081e+11
26 1.333081e+11
27 1.333081e+11
28 1.333081e+11
29 1.333081e+11
30 1.333081e+11
31 1.333081e+11
32 1.369295e+11
33 1.405230e+11
34 1.440891e+11
35 1.476345e+11
36 1.511585e+11
37 1.546618e+11
38 1.581440e+11
39 1.616096e+11
40 1.650607e+11
41 1.684963e+11
42 1.719188e+11
43 1.753271e+11
44 1.787260e+11
45 1.821154e+11
46 1.854965e+11
47 1.888661e+11
48 1.922271e+11
49 1.955779e+11
50 1.989219e+11
51 2.022594e+11
52 2.055896e+11
53 2.089130e+11
54 2.122333e+11
55 2.155439e+11
56 2.188525e+11
57 2.221558e+11
58 2.254546e+11
59 2.287474e+11
60 2.320390e+11
61 2.353268e+11
62 2.386097e+11
63 2.418880e+11
64 2.451660e+11
65 2.484435e+11
66 2.517174e+11
67 2.549856e+11
68 2.582505e+11
69 2.615153e+11
70 2.647787e+11
71 2.680371e+11
72 2.712978e+11
73 2.745550e+11
74 2.778089e+11
75 2.810623e+11
76 2.843110e+11
77 2.875627e+11
78 2.908128e+11
79 2.940606e+11
80 2.973096e+11
81 3.005542e+11
82 3.037987e+11
84 3.102854e+11
85 3.135264e+11
86 3.167702e+11
87 3.200147e+11
88 3.232550e+11
90 3.297322e+11
91 3.329737e+11
92 3.362143e+11
93 3.394541e+11
95 3.459265e+11
96 3.491626e+11
97 3.524010e+11
99 3.588753e+11
100 3.621136e+11
102 3.685927e+11
103 3.718335e+11
104 3.750692e+11
106 3.815366e+11
107 3.847766e+11
109 3.912509e+11
110 3.944877e+11
112 4.009634e+11
113 4.041995e+11
115 4.106783e+11
117 4.171532e+11
118 4.203883e+11
120 4.268617e+11
122 4.333284e+11
123 4.365654e+11
125 4.430390e+11
127 4.495073e+11
129 4.559764e+11
130 4.592163e+11
132 4.656907e+11
134 4.721543e+11
136 4.786203e+11
138 4.850872e+11
140 4.915539e+11
142 4.980262e+11
144 5.044904e+11
146 5.109530e+11
148 5.174114e+11
150 5.238778e+11
152 5.303406e+11
154 5.368072e+11
156 5.432644e+11
158 5.497235e+11
161 5.594210e+11
163 5.658789e+11
165 5.723363e+11
167 5.787927e+11
170 5.884819e+11
172 5.949272e+11
174 6.013732e+11
177 6.110405e+11
179 6.174835e+11
182 6.271411e+11
184 6.335764e+11
187 6.432208e+11
190 6.528712e+11
192 6.593011e+11
195 6.689250e+11
198 6.785498e+11
200 6.849588e+11
203 6.945757e+11
206 7.041710e+11
209 7.137724e+11
212 7.233686e+11
215 7.329440e+11
218 7.425239e+11
221 7.520921e+11
224 7.616444e+11
227 7.711881e+11
230 7.807156e+11
233 7.902462e+11
237 8.029522e+11
240 8.124629e+11
243 8.219539e+11
247 8.346240e+11
250 8.441156e+11
254 8.567390e+11
257 8.661831e+11
261 8.787717e+11
264 8.881868e+11
268 9.007555e+11
272 9.132771e+11
275 9.226372e+11
279 9.351103e+11
283 9.475900e+11
287 9.600386e+11
291 9.724858e+11
295 9.848992e+11
299 9.973097e+11
303 1.009684e+12
308 1.025151e+12
312 1.037512e+12
316 1.049829e+12
321 1.065218e+12
325 1.077521e+12
330 1.092852e+12
334 1.105097e+12
339 1.120388e+12
344 1.135669e+12
349 1.150880e+12
353 1.163028e+12
358 1.178225e+12
363 1.193376e+12
368 1.208471e+12
373 1.223550e+12
379 1.241618e+12
384 1.256639e+12
389 1.271625e+12
395 1.289590e+12
400 1.304537e+12
406 1.322411e+12
411 1.337290e+12
417 1.355132e+12
423 1.372923e+12
429 1.390662e+12
435 1.408360e+12
441 1.426036e+12
447 1.443690e+12
453 1.461292e+12
460 1.481855e+12
466 1.499419e+12
472 1.516968e+12
479 1.537367e+12
486 1.557728e+12
493 1.578051e+12
499 1.595455e+12
506 1.615741e+12
513 1.635994e+12
521 1.659046e+12
528 1.679230e+12
535 1.699332e+12
543 1.722267e+12
550 1.742327e+12
558 1.765183e+12
566 1.788021e+12
573 1.807935e+12
581 1.830720e+12
589 1.853417e+12
598 1.878911e+12
606 1.901583e+12
614 1.924174e+12
623 1.949527e+12
632 1.974859e+12
640 1.997356e+12
649 2.022614e+12
658 2.047846e+12
668 2.075871e+12
677 2.100943e+12
686 2.126031e+12
696 2.153897e+12
706 2.181695e+12
715 2.206713e+12
725 2.234429e+12
735 2.262080e+12
746 2.292441e+12
756 2.320022e+12
767 2.350342e+12
777 2.377916e+12
788 2.408095e+12
799 2.438291e+12
810 2.468436e+12
821 2.498564e+12
833 2.531394e+12
844 2.561446e+12
856 2.594159e+12
868 2.626831e+12
880 2.659454e+12
892 2.692005e+12
905 2.727273e+12
918 2.762541e+12
930 2.794893e+12
943 2.829940e+12
956 2.865092e+12
970 2.902800e+12
983 2.937768e+12
997 2.975331e+12
1011 3.012921e+12
1025 3.050426e+12
1039 3.087830e+12
1054 3.127943e+12
1068 3.165273e+12
1083 3.205245e+12
1098 3.245252e+12
1113 3.285095e+12
1129 3.327786e+12
1145 3.370237e+12
1161 3.412800e+12
1177 3.455311e+12
1193 3.497609e+12
1210 3.542555e+12
1227 3.587413e+12
1244 3.632345e+12
1261 3.677295e+12
1278 3.722063e+12
1296 3.769492e+12
1314 3.816888e+12
1333 3.866946e+12
1351 3.914433e+12
1370 3.964392e+12
1389 4.014248e+12
1408 4.064110e+12
1428 4.116635e+12
1448 4.169147e+12
1468 4.221621e+12
1488 4.274058e+12
1509 4.329069e+12
1530 4.384124e+12
1551 4.439080e+12
1573 4.496704e+12
1595 4.554177e+12
1617 4.611666e+12
1640 4.671674e+12
1662 4.728868e+12
1685 4.788583e+12
1709 4.851104e+12
1733 4.913540e+12
1757 4.976063e+12
1781 5.038475e+12
1806 5.103245e+12
1831 5.168095e+12
1857 5.235918e+12
1882 5.300759e+12
1909 5.371012e+12
1935 5.438591e+12
1962 5.508666e+12
1989 5.578927e+12
2017 5.651434e+12
2045 5.724076e+12
2074 5.798893e+12
2103 5.873979e+12
2132 5.949243e+12
2161 6.024722e+12
2192 6.105129e+12
2222 6.183054e+12
2253 6.263099e+12
2284 6.343184e+12
2316 6.426003e+12
2348 6.509021e+12
2381 6.594054e+12
2414 6.679277e+12
2448 6.766818e+12
2482 6.854368e+12
2516 6.941925e+12
2551 7.032199e+12
2587 7.124988e+12
2623 7.217747e+12
2659 7.310719e+12
2696 7.406199e+12
2734 7.503815e+12
2772 7.602227e+12
2810 7.700490e+12
2850 7.803516e+12
2889 7.903620e+12
2929 8.006341e+12
2970 8.111435e+12
3011 8.216979e+12
3053 8.324988e+12
3096 8.435722e+12
3139 8.546399e+12
3183 8.659433e+12
3227 8.772819e+12
3272 8.888315e+12
3317 9.004014e+12
3363 9.122173e+12
3410 9.242908e+12
3458 9.365790e+12
3506 9.488411e+12
3555 9.613988e+12
3604 9.740018e+12
3654 9.868754e+12
3705 9.999121e+12
3757 1.013214e+13
3809 1.026569e+13
3862 1.040150e+13
3916 1.054020e+13
3970 1.067888e+13
4025 1.081926e+13
4081 1.096335e+13
4138 1.110917e+13
4196 1.125725e+13
4254 1.140491e+13
4313 1.155559e+13
4373 1.170887e+13
4434 1.186481e+13
4496 1.202349e+13
4558 1.218210e+13
4622 1.234516e+13
4686 1.250864e+13
4751 1.267591e+13
4817 1.284365e+13
4884 1.301527e+13
4952 1.318865e+13
5021 1.336503e+13
5091 1.354336e+13
5162 1.372393e+13
5234 1.390667e+13
5306 1.409045e+13
5380 1.427890e+13
5455 1.447025e+13
5531 1.466299e+13
5608 1.485871e+13
5686 1.505774e+13
5765 1.525749e+13
5845 1.546111e+13
5927 1.566951e+13
6009 1.587834e+13
6093 1.609212e+13
6178 1.630821e+13
6263 1.652566e+13
6351 1.674903e+13
6439 1.697250e+13
6529 1.720028e+13
6619 1.742905e+13
6711 1.766267e+13
6805 1.790201e+13
6899 1.813997e+13
6995 1.838575e+13
7093 1.863500e+13
7191 1.888357e+13
7292 1.914091e+13
7393 1.939978e+13
7496 1.966036e+13
7600 1.992336e+13
7706 2.019202e+13
7813 2.046190e+13
7922 2.073802e+13
8032 2.101565e+13
8144 2.129964e+13
8257 2.158695e+13
8372 2.187914e+13
8488 2.217249e+13
8606 2.247081e+13
8726 2.277413e+13
8848 2.308194e+13
8971 2.339170e+13
9095 2.370366e+13
9222 2.402530e+13
9350 2.434683e+13
9480 2.467460e+13
9612 2.500896e+13
9746 2.534491e+13
9882 2.568662e+13
10019 2.603220e+13
10158 2.638274e+13
10300 2.674079e+13
10443 2.710116e+13
10588 2.746567e+13
10736 2.783845e+13
10885 2.821409e+13
11036 2.859396e+13
11190 2.897797e+13
11346 2.937183e+13
11503 2.976894e+13
11664 3.017399e+13
11826 3.058097e+13
11990 3.099241e+13
12157 3.140762e+13
12326 3.183174e+13
12498 3.226578e+13
12672 3.270312e+13
12848 3.314153e+13
13027 3.359282e+13
13208 3.404588e+13
13392 3.450999e+13
13578 3.498034e+13
13767 3.545448e+13
13958 3.593530e+13
14153 3.642695e+13
14349 3.691759e+13
14549 3.741714e+13
14751 3.792075e+13
14957 3.843720e+13
15165 3.895466e+13
15376 3.947863e+13
15590 4.001094e+13
15806 4.055403e+13
16026 4.110356e+13
16249 4.166010e+13
16475 4.222185e+13
16705 4.279762e+13
16937 4.336672e+13
17173 4.395926e+13
17412 4.454815e+13
17654 4.515500e+13
17899 4.576851e+13
18148 4.639101e+13
18401 4.702228e+13
18657 4.766502e+13
18916 4.831458e+13
19180 4.897472e+13
19446 4.963188e+13
19717 5.031185e+13
19991 5.099021e+13
20269 5.167646e+13
20551 5.237824e+13
20837 5.309151e+13
21127 5.381103e+13
21421 5.453984e+13
21719 5.528056e+13
22021 5.602255e+13
22327 5.678544e+13
22638 5.756204e+13
22953 5.834164e+13
23272 5.912630e+13
23596 5.992550e+13
23924 6.073930e+13
24257 6.156864e+13
24595 6.241348e+13
24937 6.324971e+13
25284 6.409443e+13
25635 6.496163e+13
25992 6.583510e+13
26354 6.672669e+13
26720 6.761825e+13
27092 6.854294e+13
27469 6.946011e+13
27851 7.039276e+13
28238 7.134763e+13
28631 7.232406e+13
29030 7.332032e+13
29433 7.431752e+13
29843 7.534244e+13
30258 7.637742e+13
30679 7.741777e+13
31106 7.845838e+13
31539 7.952450e+13
31977 8.058625e+13
32422 8.167043e+13
32873 8.277770e+13
33331 8.390870e+13
33794 8.504940e+13
34264 8.620396e+13
34741 8.737881e+13
35224 8.857689e+13
35714 8.975984e+13
36211 9.097534e+13
36715 9.218807e+13
37226 9.343737e+13
37744 9.470082e+13
38269 9.597654e+13
38801 9.726765e+13
39341 9.859263e+13
39888 9.993854e+13
40443 1.012884e+14
41006 1.026407e+14
41576 1.040177e+14
42154 1.054160e+14
42741 1.068113e+14
43336 1.082732e+14
43938 1.097414e+14
44550 1.112602e+14
45169 1.127616e+14
45798 1.143196e+14
46435 1.158334e+14
47081 1.174431e+14
47736 1.190582e+14
48400 1.206759e+14
49073 1.223043e+14
49756 1.239814e+14
50448 1.256774e+14
51150 1.274052e+14
51861 1.291451e+14
52583 1.309057e+14
53314 1.326845e+14
54056 1.344559e+14
54808 1.363471e+14
55571 1.383197e+14
56344 1.401952e+14
57127 1.421007e+14
57922 1.440180e+14
58728 1.459430e+14
59545 1.479419e+14
60373 1.499433e+14
61213 1.519947e+14
62065 1.541047e+14
62928 1.562157e+14
63804 1.583658e+14
64691 1.605459e+14
65591 1.627287e+14
66504 1.648903e+14
67429 1.671304e+14
68367 1.693839e+14
69318 1.716501e+14
70282 1.739415e+14
71260 1.762994e+14
72251 1.785885e+14
73256 1.809893e+14
74276 1.834509e+14
75309 1.860487e+14
76356 1.884684e+14
77419 1.910351e+14
78496 1.935905e+14
79588 1.962414e+14
80695 1.989303e+14
81817 2.016059e+14
82956 2.044541e+14
84110 2.073549e+14
85280 2.101512e+14
86466 2.130023e+14
87669 2.159902e+14
88889 2.190729e+14
90125 2.221239e+14
91379 2.253462e+14
92650 2.284827e+14
93939 2.315492e+14
95246 2.344804e+14
96571 2.376267e+14
97914 2.410590e+14
99277 2.442702e+14
100658 2.478543e+14
102058 2.514227e+14
103478 2.546336e+14
104917 2.579490e+14
106377 2.614124e+14
107857 2.649921e+14
109357 2.686663e+14
110878 2.724447e+14
112421 2.760169e+14
113985 2.799065e+14
115570 2.837760e+14
117178 2.877363e+14
118808 2.918130e+14
120461 2.956642e+14
122137 2.995371e+14
123836 3.036967e+14
125559 3.079076e+14
127305 3.121135e+14
129076 3.166297e+14
130872 3.211106e+14
132693 3.252026e+14
134539 3.293894e+14
136410 3.337255e+14
138308 3.383864e+14
140232 3.432950e+14
142183 3.477400e+14
144161 3.532442e+14
146166 3.581575e+14
148200 3.631884e+14
150261 3.682044e+14
152352 3.729416e+14
154471 3.783587e+14
156620 3.832927e+14
158799 3.889260e+14
161008 3.944547e+14
163248 3.995960e+14
165519 4.051361e+14
167821 4.104989e+14
170156 4.163257e+14
172523 4.217096e+14
174923 4.269397e+14
177357 4.333080e+14
179824 4.389473e+14
182326 4.454133e+14
184862 4.512358e+14
187434 4.574927e+14
190041 4.626984e+14
192685 4.689000e+14
195365 4.768781e+14
198083 4.833740e+14
200839 4.892011e+14
203633 4.971628e+14
206466 5.055147e+14
209338 5.131993e+14
212250 5.197752e+14
215203 5.269246e+14
218197 5.326834e+14
221232 5.401081e+14
224310 5.486637e+14
227430 5.566334e+14
230594 5.651694e+14
233802 5.727943e+14
237054 5.812025e+14
240352 5.880172e+14
243696 5.960031e+14
247086 6.043668e+14
250523 6.105001e+14
254008 6.184219e+14
257542 6.250935e+14
261125 6.325433e+14
264757 6.426680e+14
268441 6.507518e+14
272175 6.621893e+14
275961 6.707680e+14
279800 6.790462e+14
283693 6.884939e+14
287639 6.949566e+14
291641 7.045481e+14
295698 7.152379e+14
299811 7.235252e+14
303982 7.349538e+14
308211 7.464271e+14
312499 7.599489e+14
316846 7.686046e+14
321254 7.814156e+14
325723 7.961247e+14
330254 8.072934e+14
334848 8.193651e+14
339507 8.368350e+14
344230 8.506671e+14
349018 8.648059e+14
353874 8.780432e+14
358797 8.937712e+14
363788 9.056567e+14
368849 9.170222e+14
373980 9.357385e+14
379182 9.569009e+14
384457 9.646101e+14
389806 9.768951e+14
395229 9.901630e+14
400727 1.002086e+15
406301 1.012273e+15
411954 1.037714e+15
417684 1.053674e+15
423495 1.057052e+15
429386 1.060496e+15
435360 1.067598e+15
441416 1.086731e+15
447557 1.112834e+15
453783 1.132644e+15
460096 1.149084e+15
466496 1.154914e+15
472986 1.173621e+15
479566 1.180309e+15
486237 1.209793e+15
493002 1.226504e+15
499860 1.235456e+15
506814 1.254750e+15
513864 1.265190e+15
521013 1.276238e+15
528261 1.328160e+15
535610 1.360470e+15
543061 1.399133e+15
550616 1.421696e+15
558275 1.447109e+15
566042 1.447109e+15
573916 1.476159e+15
581900 1.476159e+15
589995 1.510011e+15
598203 1.510011e+15
606525 1.510011e+15
614962 1.550481e+15
623517 1.550481e+15
632191 1.550481e+15
640986 1.550481e+15
649903 1.550481e+15
658944 1.600643e+15
668111 1.666323e+15
677405 1.666323e+15
686829 1.760786e+15
696384 1.760786e+15
706071 1.760786e+15
715894 1.760786e+15
725853 1.760786e+15
735950 1.927219e+15
746189 1.927219e+15
756569 1.927219e+15
