# 100 abundance file read
4 1.333166e+11
5 1.333166e+11
6 1.333166e+11
7 1.333166e+11
8 1.333166e+11
9 1.333166e+11
10 1.333166e+11
11 1.333166e+11
12 1.333166e+11
13 1.333166e+11
14 1.333166e+11
15 1.333166e+11
16 1.333166e+11
17 1.333166e+11
18 1.333166e+11
19 1.333166e+11
20 1.333166e+11
21 1.333166e+11
22 1.333166e+11
23 1.333166e+11
24 1.333166e+11
25 1.333166e+11
26 1.333166e+11
27 1.333166e+11
28 1.333166e+11
29 1.333166e+11
30 1.333166e+11
31 1.333166e+11
32 1.369729e+11
33 1.406040e+11
34 1.442077e+11
35 1.477896e+11
36 1.513506e+11
37 1.548888e+11
38 1.584102e+11
39 1.619144e+11
40 1.654039e+11
41 1.688809e+11
42 1.723425e+11
43 1.757911e+11
44 1.792312e+11
45 1.826604e+11
46 1.860783e+11
47 1.894869e+11
48 1.928858e+11
49 1.962770e+11
50 1.996621e+11
51 2.030392e+11
52 2.064074e+11
53 2.097713e+11
54 2.131344e+11
55 2.164858e+11
56 2.198342e+11
57 2.231791e+11
58 2.265187e+11
59 2.298515e+11
60 2.331819e+11
61 2.365124e+11
62 2.398386e+11
63 2.431609e+11
64 2.464773e+11
65 2.497923e+11
66 2.531072e+11
67 2.564235e+11
68 2.597327e+11
69 2.630395e+11
70 2.663448e+11
71 2.696474e+11
72 2.729471e+11
73 2.762485e+11
74 2.795507e+11
75 2.828475e+11
76 2.861465e+11
77 2.894458e+11
78 2.927440e+11
79 2.960400e+11
80 2.993347e+11
81 3.026271e+11
82 3.059169e+11
84 3.124995e+11
85 3.157927e+11
86 3.190835e+11
87 3.223756e+11
88 3.256677e+11
90 3.322450e+11
91 3.355407e+11
92 3.388312e+11
93 3.421230e+11
95 3.487046e+11
96 3.519984e+11
97 3.552910e+11
99 3.618681e+11
100 3.651554e+11
102 3.717410e+11
103 3.750319e+11
104 3.783251e+11
106 3.849072e+11
107 3.881997e+11
109 3.947825e+11
110 3.980766e+11
112 4.046665e+11
113 4.079577e+11
115 4.145425e+11
117 4.211340e+11
118 4.244288e+11
120 4.310079e+11
122 4.375958e+11
123 4.408953e+11
125 4.474856e+11
127 4.540739e+11
129 4.606633e+11
130 4.639591e+11
132 4.705528e+11
134 4.771352e+11
136 4.837307e+11
138 4.903137e+11
140 4.969079e+11
142 5.034978e+11
144 5.100925e+11
146 5.166817e+11
148 5.232704e+11
150 5.298606e+11
152 5.364415e+11
154 5.430315e+11
156 5.496176e+11
158 5.562028e+11
161 5.660747e+11
163 5.726451e+11
165 5.792153e+11
167 5.857869e+11
170 5.956528e+11
172 6.022311e+11
174 6.088092e+11
177 6.186609e+11
179 6.252214e+11
182 6.350622e+11
184 6.416190e+11
187 6.514605e+11
190 6.612977e+11
192 6.678491e+11
195 6.776596e+11
198 6.874696e+11
200 6.940125e+11
203 7.038093e+11
206 7.135879e+11
209 7.233632e+11
212 7.331351e+11
215 7.428865e+11
218 7.526400e+11
221 7.623792e+11
224 7.720935e+11
227 7.818073e+11
230 7.915061e+11
233 8.011966e+11
237 8.140930e+11
240 8.237516e+11
243 8.334134e+11
247 8.462502e+11
250 8.558903e+11
254 8.686987e+11
257 8.782864e+11
261 8.910673e+11
264 9.006263e+11
268 9.133602e+11
272 9.260705e+11
275 9.356071e+11
279 9.482865e+11
283 9.609447e+11
287 9.735611e+11
291 9.861637e+11
295 9.987300e+11
299 1.011280e+12
303 1.023815e+12
308 1.039462e+12
312 1.051951e+12
316 1.064437e+12
321 1.079993e+12
325 1.092434e+12
330 1.107944e+12
334 1.120349e+12
339 1.135809e+12
344 1.151207e+12
349 1.166600e+12
353 1.178887e+12
358 1.194195e+12
363 1.209478e+12
368 1.224735e+12
373 1.239957e+12
379 1.258197e+12
384 1.273337e+12
389 1.288495e+12
395 1.306664e+12
400 1.321737e+12
406 1.339793e+12
411 1.354804e+12
417 1.372760e+12
423 1.390689e+12
429 1.408613e+12
435 1.426471e+12
441 1.444303e+12
447 1.462116e+12
453 1.479839e+12
460 1.500483e+12
466 1.518172e+12
472 1.535853e+12
479 1.556438e+12
486 1.576965e+12
493 1.597411e+12
499 1.614936e+12
506 1.635310e+12
513 1.655640e+12
521 1.678879e+12
528 1.699151e+12
535 1.719399e+12
543 1.742446e+12
550 1.762601e+12
558 1.785591e+12
566 1.808513e+12
573 1.828534e+12
581 1.851389e+12
589 1.874221e+12
598 1.899801e+12
606 1.922461e+12
614 1.945137e+12
623 1.970535e+12
632 1.995935e+12
640 2.018513e+12
649 2.043841e+12
658 2.069150e+12
668 2.097182e+12
677 2.122398e+12
686 2.147618e+12
696 2.175514e+12
706 2.203344e+12
715 2.228375e+12
725 2.256148e+12
735 2.283846e+12
746 2.314237e+12
756 2.341943e+12
767 2.372319e+12
777 2.399917e+12
788 2.430229e+12
799 2.460490e+12
810 2.490757e+12
821 2.520836e+12
833 2.553592e+12
844 2.583689e+12
856 2.616425e+12
868 2.649163e+12
880 2.681786e+12
892 2.714395e+12
905 2.749625e+12
918 2.784964e+12
930 2.817503e+12
943 2.852619e+12
956 2.887812e+12
970 2.925585e+12
983 2.960652e+12
997 2.998303e+12
1011 3.035963e+12
1025 3.073582e+12
1039 3.111186e+12
1054 3.151479e+12
1068 3.188927e+12
1083 3.229213e+12
1098 3.269318e+12
1113 3.309269e+12
1129 3.352057e+12
1145 3.394743e+12
1161 3.437444e+12
1177 3.480036e+12
1193 3.522565e+12
1210 3.567670e+12
1227 3.612803e+12
1244 3.657787e+12
1261 3.702840e+12
1278 3.747729e+12
1296 3.795376e+12
1314 3.842943e+12
1333 3.893127e+12
1351 3.940699e+12
1370 3.990696e+12
1389 4.040721e+12
1408 4.090649e+12
1428 4.143284e+12
1448 4.196201e+12
1468 4.248708e+12
1488 4.301392e+12
1509 4.356454e+12
1530 4.411509e+12
1551 4.466557e+12
1573 4.524194e+12
1595 4.581581e+12
1617 4.639117e+12
1640 4.699126e+12
1662 4.756534e+12
1685 4.816614e+12
1709 4.879106e+12
1733 4.941597e+12
1757 5.004020e+12
1781 5.066601e+12
1806 5.131502e+12
1831 5.196380e+12
1857 5.263680e+12
1882 5.328603e+12
1909 5.398890e+12
1935 5.466339e+12
1962 5.536272e+12
1989 5.605937e+12
2017 5.678799e+12
2045 5.751343e+12
2074 5.826419e+12
2103 5.901174e+12
2132 5.976021e+12
2161 6.050965e+12
2192 6.130943e+12
2222 6.208064e+12
2253 6.288015e+12
2284 6.367648e+12
2316 6.449854e+12
2348 6.532016e+12
2381 6.616834e+12
2414 6.701989e+12
2448 6.789326e+12
2482 6.876806e+12
2516 6.964302e+12
2551 7.054226e+12
2587 7.146582e+12
2623 7.238981e+12
2659 7.331425e+12
2696 7.426493e+12
2734 7.523717e+12
2772 7.621082e+12
2810 7.718468e+12
2850 7.820534e+12
2889 7.920591e+12
2929 8.022844e+12
2970 8.127340e+12
3011 8.232027e+12
3053 8.338995e+12
3096 8.448132e+12
3139 8.557967e+12
3183 8.670354e+12
3227 8.782539e+12
3272 8.897284e+12
3317 9.011613e+12
3363 9.128836e+12
3410 9.249041e+12
3458 9.371157e+12
3506 9.493051e+12
3555 9.617582e+12
3604 9.742462e+12
3654 9.869880e+12
3705 9.998893e+12
3757 1.013107e+13
3809 1.026271e+13
3862 1.039809e+13
3916 1.053431e+13
3970 1.067189e+13
4025 1.081124e+13
4081 1.095322e+13
4138 1.109777e+13
4196 1.124505e+13
4254 1.139222e+13
4313 1.154155e+13
4373 1.169264e+13
4434 1.184785e+13
4496 1.200457e+13
4558 1.216166e+13
4622 1.232452e+13
4686 1.248727e+13
4751 1.265171e+13
4817 1.281864e+13
4884 1.298758e+13
4952 1.315982e+13
5021 1.333409e+13
5091 1.351087e+13
5162 1.369024e+13
5234 1.387231e+13
5306 1.405370e+13
5380 1.424070e+13
5455 1.443106e+13
5531 1.462196e+13
5608 1.481601e+13
5686 1.501223e+13
5765 1.521186e+13
5845 1.541448e+13
5927 1.562219e+13
6009 1.582975e+13
6093 1.604176e+13
6178 1.625620e+13
6263 1.646878e+13
6351 1.668984e+13
6439 1.691122e+13
6529 1.713794e+13
6619 1.736315e+13
6711 1.759545e+13
6805 1.783104e+13
6899 1.806783e+13
6995 1.831043e+13
7093 1.855772e+13
7191 1.880399e+13
7292 1.905809e+13
7393 1.931176e+13
7496 1.957162e+13
7600 1.983416e+13
7706 2.010217e+13
7813 2.037072e+13
7922 2.064452e+13
8032 2.092244e+13
8144 2.120191e+13
8257 2.148418e+13
8372 2.177287e+13
8488 2.206423e+13
8606 2.235953e+13
8726 2.265931e+13
8848 2.296565e+13
8971 2.327404e+13
9095 2.358230e+13
9222 2.390179e+13
9350 2.421789e+13
9480 2.454786e+13
9612 2.488099e+13
9746 2.521704e+13
9882 2.555468e+13
10019 2.589732e+13
10158 2.624102e+13
10300 2.659572e+13
10443 2.695261e+13
10588 2.731560e+13
10736 2.768582e+13
10885 2.805705e+13
11036 2.843275e+13
11190 2.881616e+13
11346 2.920353e+13
11503 2.959306e+13
11664 2.999469e+13
11826 3.040094e+13
11990 3.080847e+13
12157 3.121695e+13
12326 3.163928e+13
12498 3.207188e+13
12672 3.250308e+13
12848 3.294404e+13
13027 3.338474e+13
13208 3.383876e+13
13392 3.429557e+13
13578 3.475705e+13
13767 3.522626e+13
13958 3.570168e+13
14153 3.618358e+13
14349 3.666682e+13
14549 3.716307e+13
14751 3.766014e+13
14957 3.816834e+13
15165 3.868878e+13
15376 3.920771e+13
15590 3.973695e+13
15806 4.027237e+13
16026 4.081300e+13
16249 4.136141e+13
16475 4.192224e+13
16705 4.249576e+13
16937 4.306779e+13
17173 4.364670e+13
17412 4.424357e+13
17654 4.483181e+13
17899 4.543563e+13
18148 4.604591e+13
18401 4.667694e+13
18657 4.730658e+13
18916 4.793984e+13
19180 4.859248e+13
19446 4.926058e+13
19717 4.992683e+13
19991 5.060465e+13
20269 5.129679e+13
20551 5.198611e+13
20837 5.267453e+13
21127 5.339004e+13
21421 5.411506e+13
21719 5.485102e+13
22021 5.558416e+13
22327 5.632608e+13
22638 5.708298e+13
22953 5.785252e+13
23272 5.863784e+13
23596 5.943915e+13
23924 6.022958e+13
24257 6.103922e+13
24595 6.186491e+13
24937 6.269756e+13
25284 6.354616e+13
25635 6.441254e+13
25992 6.527254e+13
26354 6.614824e+13
26720 6.702988e+13
27092 6.793502e+13
27469 6.884596e+13
27851 6.977985e+13
28238 7.072111e+13
28631 7.168309e+13
29030 7.265881e+13
29433 7.364211e+13
29843 7.464102e+13
30258 7.566831e+13
30679 7.669984e+13
31106 7.774309e+13
31539 7.880429e+13
31977 7.987661e+13
32422 8.095429e+13
32873 8.206513e+13
33331 8.318667e+13
33794 8.432395e+13
34264 8.545411e+13
34741 8.660015e+13
35224 8.778590e+13
35714 8.897872e+13
36211 9.017111e+13
36715 9.138198e+13
37226 9.260956e+13
37744 9.387340e+13
38269 9.515083e+13
38801 9.645076e+13
39341 9.775553e+13
39888 9.906712e+13
40443 1.004148e+14
41006 1.017715e+14
41576 1.031341e+14
42154 1.045226e+14
42741 1.059752e+14
43336 1.074352e+14
43938 1.088507e+14
44550 1.102968e+14
45169 1.118025e+14
45798 1.133049e+14
46435 1.148842e+14
47081 1.164084e+14
47736 1.179692e+14
48400 1.195788e+14
49073 1.212248e+14
49756 1.228681e+14
50448 1.245615e+14
51150 1.262704e+14
51861 1.279729e+14
52583 1.297277e+14
53314 1.314992e+14
54056 1.332515e+14
54808 1.350723e+14
55571 1.369381e+14
56344 1.387699e+14
57127 1.406240e+14
57922 1.425580e+14
58728 1.444920e+14
59545 1.464699e+14
60373 1.484303e+14
61213 1.504461e+14
62065 1.524927e+14
62928 1.545055e+14
63804 1.566402e+14
64691 1.586985e+14
65591 1.608395e+14
66504 1.630529e+14
67429 1.652693e+14
68367 1.675109e+14
69318 1.698310e+14
70282 1.722226e+14
71260 1.746512e+14
72251 1.770035e+14
73256 1.794077e+14
74276 1.818457e+14
75309 1.843222e+14
76356 1.866902e+14
77419 1.892209e+14
78496 1.918006e+14
79588 1.944391e+14
80695 1.971188e+14
81817 1.998083e+14
82956 2.025255e+14
84110 2.053388e+14
85280 2.081143e+14
86466 2.107924e+14
87669 2.136786e+14
88889 2.164967e+14
90125 2.193990e+14
91379 2.223146e+14
92650 2.253043e+14
93939 2.284642e+14
95246 2.316943e+14
96571 2.347998e+14
97914 2.380264e+14
99277 2.413670e+14
100658 2.446990e+14
102058 2.480965e+14
103478 2.514206e+14
104917 2.548359e+14
106377 2.581682e+14
107857 2.617671e+14
109357 2.653143e+14
110878 2.690085e+14
112421 2.727741e+14
113985 2.765861e+14
115570 2.801708e+14
117178 2.841506e+14
118808 2.879810e+14
120461 2.919342e+14
122137 2.958654e+14
123836 2.997607e+14
125559 3.039720e+14
127305 3.082153e+14
129076 3.122740e+14
130872 3.165997e+14
132693 3.208586e+14
134539 3.252836e+14
136410 3.297415e+14
138308 3.340957e+14
140232 3.389756e+14
142183 3.434103e+14
144161 3.480061e+14
146166 3.527552e+14
148200 3.578729e+14
150261 3.627849e+14
152352 3.678744e+14
154471 3.732380e+14
156620 3.787514e+14
158799 3.839110e+14
161008 3.894851e+14
163248 3.947959e+14
165519 4.002505e+14
167821 4.055251e+14
170156 4.108503e+14
172523 4.163628e+14
174923 4.221138e+14
177357 4.275380e+14
179824 4.339243e+14
182326 4.398639e+14
184862 4.458504e+14
187434 4.523221e+14
190041 4.590491e+14
192685 4.654866e+14
195365 4.718539e+14
198083 4.784606e+14
200839 4.853242e+14
203633 4.916886e+14
206466 4.987425e+14
209338 5.053626e+14
212250 5.127353e+14
215203 5.198655e+14
218197 5.276623e+14
221232 5.351219e+14
224310 5.423052e+14
227430 5.487996e+14
230594 5.566950e+14
233802 5.639095e+14
237054 5.722049e+14
240352 5.790824e+14
243696 5.867763e+14
247086 5.957241e+14
250523 6.021999e+14
254008 6.106621e+14
257542 6.192069e+14
261125 6.291127e+14
264757 6.359155e+14
268441 6.444005e+14
272175 6.525885e+14
275961 6.619022e+14
279800 6.723977e+14
283693 6.815165e+14
287639 6.901578e+14
291641 6.981943e+14
295698 7.084090e+14
299811 7.189921e+14
303982 7.309661e+14
308211 7.415656e+14
312499 7.477083e+14
316846 7.559786e+14
321254 7.674752e+14
325723 7.779629e+14
330254 7.894786e+14
334848 8.040964e+14
339507 8.136098e+14
344230 8.244292e+14
349018 8.363941e+14
353874 8.497042e+14
358797 8.627927e+14
363788 8.745288e+14
368849 8.887067e+14
373980 8.973649e+14
379182 9.100223e+14
384457 9.230241e+14
389806 9.370621e+14
395229 9.485556e+14
400727 9.616342e+14
406301 9.740189e+14
411954 9.929099e+14
417684 1.005661e+15
423495 1.023783e+15
429386 1.036523e+15
435360 1.051483e+15
441416 1.070572e+15
447557 1.080883e+15
453783 1.096643e+15
460096 1.108491e+15
466496 1.121106e+15
472986 1.130642e+15
479566 1.144816e+15
486237 1.160082e+15
493002 1.179088e+15
499860 1.191947e+15
506814 1.217369e+15
513864 1.242962e+15
521013 1.260729e+15
528261 1.264472e+15
535610 1.284259e+15
543061 1.297091e+15
550616 1.306098e+15
558275 1.335656e+15
566042 1.335656e+15
573916 1.352116e+15
581900 1.369930e+15
589995 1.376207e+15
598203 1.396197e+15
606525 1.410611e+15
614962 1.442596e+15
623517 1.451364e+15
632191 1.460488e+15
640986 1.479924e+15
649903 1.524628e+15
658944 1.524628e+15
668111 1.550733e+15
677405 1.580150e+15
686829 1.632606e+15
696384 1.632606e+15
706071 1.675356e+15
715894 1.699964e+15
725853 1.699964e+15
735950 1.699964e+15
746189 1.699964e+15
756569 1.758187e+15
767094 1.758187e+15
777765 1.834500e+15
788585 1.834500e+15
799555 1.834500e+15
810678 1.834500e+15
821956 1.883581e+15
833391 1.883581e+15
844984 1.883581e+15
856739 1.883581e+15
868658 1.883581e+15
880742 2.138452e+15
892994 2.339963e+15
905417 2.339963e+15
918013 2.339963e+15
930783 2.339963e+15
943732 2.339963e+15
956860 2.339963e+15
970172 2.339963e+15
983668 2.339963e+15
997352 2.339963e+15
1011227 2.339963e+15
1025295 2.339963e+15
1039558 2.339963e+15
1054019 2.339963e+15
