# 100 abundance file read
4 1.333548e+11
5 1.333548e+11
6 1.333548e+11
7 1.333548e+11
8 1.333548e+11
9 1.333548e+11
10 1.333548e+11
11 1.333548e+11
12 1.333548e+11
13 1.333548e+11
14 1.333548e+11
15 1.333548e+11
16 1.333548e+11
17 1.333548e+11
18 1.333548e+11
19 1.333548e+11
20 1.333548e+11
21 1.333548e+11
22 1.333548e+11
23 1.333548e+11
24 1.333548e+11
25 1.333548e+11
26 1.333548e+11
27 1.333548e+11
28 1.333548e+11
29 1.333548e+11
30 1.333548e+11
31 1.333548e+11
32 1.370427e+11
33 1.407024e+11
34 1.443366e+11
35 1.479461e+11
36 1.515340e+11
37 1.551011e+11
38 1.586518e+11
39 1.621848e+11
40 1.657035e+11
41 1.692069e+11
42 1.726953e+11
43 1.761727e+11
44 1.796396e+11
45 1.830967e+11
46 1.865434e+11
47 1.899788e+11
48 1.934064e+11
49 1.968257e+11
50 2.002394e+11
51 2.036454e+11
52 2.070437e+11
53 2.104367e+11
54 2.138217e+11
55 2.172031e+11
56 2.205800e+11
57 2.239536e+11
58 2.273203e+11
59 2.306842e+11
60 2.340444e+11
61 2.374022e+11
62 2.407538e+11
63 2.441062e+11
64 2.474542e+11
65 2.508022e+11
66 2.541465e+11
67 2.574869e+11
68 2.608257e+11
69 2.641636e+11
70 2.675010e+11
71 2.708369e+11
72 2.741748e+11
73 2.775115e+11
74 2.808457e+11
75 2.841802e+11
76 2.875132e+11
77 2.908463e+11
78 2.941798e+11
79 2.975096e+11
80 3.008391e+11
81 3.041703e+11
82 3.075031e+11
84 3.141569e+11
85 3.174839e+11
86 3.208094e+11
87 3.241367e+11
88 3.274698e+11
90 3.341228e+11
91 3.374507e+11
92 3.407820e+11
93 3.441124e+11
95 3.507674e+11
96 3.540965e+11
97 3.574269e+11
99 3.640919e+11
100 3.674254e+11
102 3.740880e+11
103 3.774254e+11
104 3.807597e+11
106 3.874298e+11
107 3.907637e+11
109 3.974364e+11
110 4.007692e+11
112 4.074384e+11
113 4.107792e+11
115 4.174531e+11
117 4.241267e+11
118 4.274677e+11
120 4.341467e+11
122 4.408275e+11
123 4.441687e+11
125 4.508572e+11
127 4.575433e+11
129 4.642293e+11
130 4.675717e+11
132 4.742613e+11
134 4.809456e+11
136 4.876262e+11
138 4.943071e+11
140 5.009893e+11
142 5.076717e+11
144 5.143559e+11
146 5.210349e+11
148 5.277157e+11
150 5.343981e+11
152 5.410916e+11
154 5.477727e+11
156 5.544531e+11
158 5.611369e+11
161 5.711686e+11
163 5.778499e+11
165 5.845258e+11
167 5.912038e+11
170 6.012046e+11
172 6.078700e+11
174 6.145288e+11
177 6.245225e+11
179 6.311791e+11
182 6.411472e+11
184 6.477973e+11
187 6.577620e+11
190 6.677230e+11
192 6.743674e+11
195 6.843231e+11
198 6.942550e+11
200 7.008758e+11
203 7.108004e+11
206 7.207151e+11
209 7.306111e+11
212 7.404994e+11
215 7.503763e+11
218 7.602475e+11
221 7.700971e+11
224 7.799388e+11
227 7.897677e+11
230 7.995908e+11
233 8.093874e+11
237 8.224267e+11
240 8.322006e+11
243 8.419665e+11
247 8.549635e+11
250 8.646928e+11
254 8.776492e+11
257 8.873404e+11
261 9.002233e+11
264 9.098789e+11
268 9.227444e+11
272 9.355798e+11
275 9.451953e+11
279 9.579879e+11
283 9.707381e+11
287 9.834783e+11
291 9.962049e+11
295 1.008911e+12
299 1.021581e+12
303 1.034219e+12
308 1.049991e+12
312 1.062592e+12
316 1.075174e+12
321 1.090857e+12
325 1.103372e+12
330 1.118954e+12
334 1.131399e+12
339 1.146935e+12
344 1.162434e+12
349 1.177884e+12
353 1.190220e+12
358 1.205648e+12
363 1.221017e+12
368 1.236332e+12
373 1.251625e+12
379 1.269961e+12
384 1.285208e+12
389 1.300413e+12
395 1.318641e+12
400 1.333775e+12
406 1.351926e+12
411 1.366993e+12
417 1.385042e+12
423 1.403065e+12
429 1.421065e+12
435 1.439015e+12
441 1.456911e+12
447 1.474714e+12
453 1.492518e+12
460 1.513260e+12
466 1.530992e+12
472 1.548699e+12
479 1.569295e+12
486 1.589834e+12
493 1.610338e+12
499 1.627901e+12
506 1.648359e+12
513 1.668807e+12
521 1.692076e+12
528 1.712367e+12
535 1.732667e+12
543 1.755822e+12
550 1.775985e+12
558 1.798979e+12
566 1.821953e+12
573 1.842030e+12
581 1.864904e+12
589 1.887738e+12
598 1.913412e+12
606 1.936181e+12
614 1.958865e+12
623 1.984363e+12
632 2.009851e+12
640 2.032454e+12
649 2.057790e+12
658 2.083074e+12
668 2.111173e+12
677 2.136358e+12
686 2.161596e+12
696 2.189596e+12
706 2.217495e+12
715 2.242601e+12
725 2.270428e+12
735 2.298162e+12
746 2.328661e+12
756 2.356363e+12
767 2.386771e+12
777 2.414374e+12
788 2.444789e+12
799 2.475142e+12
810 2.505323e+12
821 2.535541e+12
833 2.568439e+12
844 2.598655e+12
856 2.631401e+12
868 2.664155e+12
880 2.696870e+12
892 2.729497e+12
905 2.764835e+12
918 2.800191e+12
930 2.832657e+12
943 2.867959e+12
956 2.903233e+12
970 2.941149e+12
983 2.976379e+12
997 3.014205e+12
1011 3.052057e+12
1025 3.089762e+12
1039 3.127478e+12
1054 3.167895e+12
1068 3.205609e+12
1083 3.245787e+12
1098 3.285971e+12
1113 3.326016e+12
1129 3.368879e+12
1145 3.411734e+12
1161 3.454323e+12
1177 3.496998e+12
1193 3.539709e+12
1210 3.584908e+12
1227 3.630139e+12
1244 3.675333e+12
1261 3.720529e+12
1278 3.765674e+12
1296 3.813182e+12
1314 3.860849e+12
1333 3.910969e+12
1351 3.958487e+12
1370 4.008463e+12
1389 4.058749e+12
1408 4.108853e+12
1428 4.161547e+12
1448 4.214068e+12
1468 4.266496e+12
1488 4.319029e+12
1509 4.374056e+12
1530 4.429079e+12
1551 4.484237e+12
1573 4.541809e+12
1595 4.599467e+12
1617 4.656774e+12
1640 4.716642e+12
1662 4.773956e+12
1685 4.833829e+12
1709 4.896380e+12
1733 4.958728e+12
1757 5.021105e+12
1781 5.083448e+12
1806 5.148457e+12
1831 5.213405e+12
1857 5.281026e+12
1882 5.346083e+12
1909 5.415690e+12
1935 5.482941e+12
1962 5.552837e+12
1989 5.622770e+12
2017 5.695072e+12
2045 5.767356e+12
2074 5.842315e+12
2103 5.916883e+12
2132 5.991743e+12
2161 6.066760e+12
2192 6.146496e+12
2222 6.223367e+12
2253 6.303115e+12
2284 6.382665e+12
2316 6.465038e+12
2348 6.547458e+12
2381 6.632232e+12
2414 6.716773e+12
2448 6.804187e+12
2482 6.891696e+12
2516 6.978880e+12
2551 7.068415e+12
2587 7.160590e+12
2623 7.252632e+12
2659 7.344744e+12
2696 7.439661e+12
2734 7.536842e+12
2772 7.633804e+12
2810 7.730763e+12
2850 7.832976e+12
2889 7.932255e+12
2929 8.034390e+12
2970 8.138648e+12
3011 8.243018e+12
3053 8.349887e+12
3096 8.459767e+12
3139 8.568957e+12
3183 8.680996e+12
3227 8.792729e+12
3272 8.906640e+12
3317 9.020729e+12
3363 9.137411e+12
3410 9.256631e+12
3458 9.378459e+12
3506 9.500027e+12
3555 9.623984e+12
3604 9.748715e+12
3654 9.874481e+12
3705 1.000411e+13
3757 1.013552e+13
3809 1.026698e+13
3862 1.040184e+13
3916 1.053836e+13
3970 1.067470e+13
4025 1.081348e+13
4081 1.095514e+13
4138 1.109965e+13
4196 1.124591e+13
4254 1.139201e+13
4313 1.154116e+13
4373 1.169222e+13
4434 1.184635e+13
4496 1.200210e+13
4558 1.215774e+13
4622 1.231950e+13
4686 1.248131e+13
4751 1.264477e+13
4817 1.281119e+13
4884 1.297867e+13
4952 1.314893e+13
5021 1.332122e+13
5091 1.349660e+13
5162 1.367604e+13
5234 1.385603e+13
5306 1.403707e+13
5380 1.422244e+13
5455 1.441059e+13
5531 1.460145e+13
5608 1.479438e+13
5686 1.498994e+13
5765 1.518750e+13
5845 1.538734e+13
5927 1.559261e+13
6009 1.579920e+13
6093 1.600990e+13
6178 1.622242e+13
6263 1.643462e+13
6351 1.665559e+13
6439 1.687511e+13
6529 1.709916e+13
6619 1.732453e+13
6711 1.755374e+13
6805 1.778885e+13
6899 1.802480e+13
6995 1.826484e+13
7093 1.850982e+13
7191 1.875469e+13
7292 1.900488e+13
7393 1.925640e+13
7496 1.951496e+13
7600 1.977543e+13
7706 2.004031e+13
7813 2.030729e+13
7922 2.057960e+13
8032 2.085361e+13
8144 2.113239e+13
8257 2.141406e+13
8372 2.170187e+13
8488 2.199061e+13
8606 2.228358e+13
8726 2.258310e+13
8848 2.288410e+13
8971 2.318956e+13
9095 2.349866e+13
9222 2.381621e+13
9350 2.413330e+13
9480 2.445587e+13
9612 2.478336e+13
9746 2.511424e+13
9882 2.545139e+13
10019 2.579175e+13
10158 2.613508e+13
10300 2.648547e+13
10443 2.683828e+13
10588 2.720228e+13
10736 2.756870e+13
10885 2.793770e+13
11036 2.831186e+13
11190 2.868972e+13
11346 2.907608e+13
11503 2.946869e+13
11664 2.986429e+13
11826 3.026659e+13
11990 3.067381e+13
12157 3.108453e+13
12326 3.150072e+13
12498 3.192598e+13
12672 3.235378e+13
12848 3.278952e+13
13027 3.323170e+13
13208 3.367652e+13
13392 3.412970e+13
13578 3.458751e+13
13767 3.505342e+13
13958 3.552200e+13
14153 3.601072e+13
14349 3.649197e+13
14549 3.698311e+13
14751 3.747973e+13
14957 3.798835e+13
15165 3.849852e+13
15376 3.901637e+13
15590 3.954187e+13
15806 4.006998e+13
16026 4.060777e+13
16249 4.115478e+13
16475 4.170847e+13
16705 4.227227e+13
16937 4.284641e+13
17173 4.342310e+13
17412 4.401430e+13
17654 4.460564e+13
17899 4.520828e+13
18148 4.581304e+13
18401 4.643420e+13
18657 4.705935e+13
18916 4.769378e+13
19180 4.834418e+13
19446 4.899947e+13
19717 4.966592e+13
19991 5.033726e+13
20269 5.101198e+13
20551 5.169689e+13
20837 5.239864e+13
21127 5.310471e+13
21421 5.383072e+13
21719 5.455445e+13
22021 5.528306e+13
22327 5.603244e+13
22638 5.678467e+13
22953 5.754970e+13
23272 5.832794e+13
23596 5.911854e+13
23924 5.990905e+13
24257 6.071679e+13
24595 6.153063e+13
24937 6.234881e+13
25284 6.318331e+13
25635 6.402800e+13
25992 6.489143e+13
26354 6.576484e+13
26720 6.665452e+13
27092 6.755716e+13
27469 6.846963e+13
27851 6.938526e+13
28238 7.033436e+13
28631 7.128006e+13
29030 7.225662e+13
29433 7.323951e+13
29843 7.422498e+13
30258 7.521677e+13
30679 7.624120e+13
31106 7.727451e+13
31539 7.830530e+13
31977 7.935414e+13
32422 8.044647e+13
32873 8.152192e+13
33331 8.261459e+13
33794 8.374500e+13
34264 8.486891e+13
34741 8.604079e+13
35224 8.720777e+13
35714 8.838268e+13
36211 8.959529e+13
36715 9.083433e+13
37226 9.207675e+13
37744 9.332575e+13
38269 9.458789e+13
38801 9.589000e+13
39341 9.718954e+13
39888 9.849174e+13
40443 9.981583e+13
41006 1.011491e+14
41576 1.025038e+14
42154 1.038687e+14
42741 1.052909e+14
43336 1.067506e+14
43938 1.082124e+14
44550 1.097165e+14
45169 1.112078e+14
45798 1.127121e+14
46435 1.142288e+14
47081 1.158153e+14
47736 1.173969e+14
48400 1.189980e+14
49073 1.206321e+14
49756 1.222618e+14
50448 1.239035e+14
51150 1.255869e+14
51861 1.272679e+14
52583 1.289778e+14
53314 1.306594e+14
54056 1.324398e+14
54808 1.342616e+14
55571 1.361063e+14
56344 1.379337e+14
57127 1.397443e+14
57922 1.416648e+14
58728 1.435771e+14
59545 1.455750e+14
60373 1.475584e+14
61213 1.495339e+14
62065 1.516220e+14
62928 1.536819e+14
63804 1.557815e+14
64691 1.578787e+14
65591 1.600379e+14
66504 1.621808e+14
67429 1.643006e+14
68367 1.665217e+14
69318 1.687643e+14
70282 1.710841e+14
71260 1.733818e+14
72251 1.757131e+14
73256 1.781511e+14
74276 1.805277e+14
75309 1.830019e+14
76356 1.855466e+14
77419 1.880273e+14
78496 1.905637e+14
79588 1.931845e+14
80695 1.957647e+14
81817 1.984570e+14
82956 2.011637e+14
84110 2.038996e+14
85280 2.066819e+14
86466 2.095030e+14
87669 2.123645e+14
88889 2.152159e+14
90125 2.180502e+14
91379 2.209509e+14
92650 2.238912e+14
93939 2.268969e+14
95246 2.298435e+14
96571 2.329496e+14
97914 2.361009e+14
99277 2.393602e+14
100658 2.426990e+14
102058 2.461283e+14
103478 2.495235e+14
104917 2.528895e+14
106377 2.564692e+14
107857 2.598903e+14
109357 2.634490e+14
110878 2.667896e+14
112421 2.704087e+14
113985 2.741049e+14
115570 2.778166e+14
117178 2.815180e+14
118808 2.855338e+14
120461 2.896507e+14
122137 2.936238e+14
123836 2.977647e+14
125559 3.018657e+14
127305 3.058859e+14
129076 3.099072e+14
130872 3.140321e+14
132693 3.184573e+14
134539 3.229393e+14
136410 3.272267e+14
138308 3.317811e+14
140232 3.358517e+14
142183 3.406248e+14
144161 3.452777e+14
146166 3.501868e+14
148200 3.547392e+14
150261 3.594662e+14
152352 3.644546e+14
154471 3.693174e+14
156620 3.742422e+14
158799 3.794212e+14
161008 3.843587e+14
163248 3.895299e+14
165519 3.949753e+14
167821 4.007630e+14
170156 4.065264e+14
172523 4.125404e+14
174923 4.183420e+14
177357 4.242968e+14
179824 4.306118e+14
182326 4.364201e+14
184862 4.425559e+14
187434 4.488027e+14
190041 4.547465e+14
192685 4.608900e+14
195365 4.675369e+14
198083 4.742887e+14
200839 4.805722e+14
203633 4.865251e+14
206466 4.935703e+14
209338 5.006198e+14
212250 5.073497e+14
215203 5.140758e+14
218197 5.214091e+14
221232 5.282342e+14
224310 5.360978e+14
227430 5.425259e+14
230594 5.498803e+14
233802 5.582231e+14
237054 5.665952e+14
240352 5.741134e+14
243696 5.813256e+14
247086 5.888291e+14
250523 5.967423e+14
254008 6.042104e+14
257542 6.121823e+14
261125 6.198859e+14
264757 6.280658e+14
268441 6.367143e+14
272175 6.458181e+14
275961 6.547988e+14
279800 6.641843e+14
283693 6.727591e+14
287639 6.817449e+14
291641 6.920601e+14
295698 7.023321e+14
299811 7.122993e+14
303982 7.220653e+14
308211 7.326734e+14
312499 7.424413e+14
316846 7.543501e+14
321254 7.641394e+14
325723 7.749604e+14
330254 7.855808e+14
334848 7.954195e+14
339507 8.058461e+14
344230 8.180406e+14
349018 8.293459e+14
353874 8.407806e+14
358797 8.536671e+14
363788 8.668050e+14
368849 8.765442e+14
373980 8.887324e+14
379182 9.029519e+14
384457 9.176949e+14
389806 9.292169e+14
395229 9.436606e+14
400727 9.565174e+14
406301 9.707047e+14
411954 9.850925e+14
417684 1.001590e+15
423495 1.016905e+15
429386 1.027245e+15
435360 1.040511e+15
441416 1.057271e+15
447557 1.070631e+15
453783 1.089393e+15
460096 1.105881e+15
466496 1.118501e+15
472986 1.130997e+15
479566 1.145250e+15
486237 1.160514e+15
493002 1.172433e+15
499860 1.192239e+15
506814 1.200943e+15
513864 1.210005e+15
521013 1.235159e+15
528261 1.253650e+15
535610 1.272040e+15
543061 1.288276e+15
550616 1.311881e+15
558275 1.331312e+15
566042 1.352508e+15
573916 1.378538e+15
581900 1.398621e+15
589995 1.414072e+15
598203 1.434024e+15
606525 1.444651e+15
614962 1.455763e+15
623517 1.459582e+15
632191 1.471409e+15
640986 1.479623e+15
649903 1.492479e+15
658944 1.496918e+15
668111 1.530420e+15
677405 1.546273e+15
686829 1.563188e+15
696384 1.569087e+15
706071 1.587652e+15
715894 1.614704e+15
725853 1.637034e+15
735950 1.661465e+15
746189 1.688413e+15
756569 1.718428e+15
767094 1.729237e+15
777765 1.752260e+15
788585 1.777440e+15
799555 1.790968e+15
810678 1.836118e+15
821956 1.870947e+15
833391 1.890152e+15
844984 1.910778e+15
856739 1.933042e+15
868658 2.012755e+15
880742 2.012755e+15
892994 2.012755e+15
905417 2.081636e+15
918013 2.081636e+15
930783 2.123327e+15
943732 2.123327e+15
956860 2.171891e+15
970172 2.229923e+15
983668 2.301818e+15
997352 2.395892e+15
1011227 2.768987e+15
1025295 2.768987e+15
1039558 2.768987e+15
1054019 2.768987e+15
1068682 2.768987e+15
1083549 2.768987e+15
1098623 2.768987e+15
1113906 2.768987e+15
1129402 2.768987e+15
1145114 2.768987e+15
1161044 2.768987e+15
1177196 2.768987e+15
1193572 2.768987e+15
1210176 2.768987e+15
1227012 2.768987e+15
1244081 2.768987e+15
1261388 2.768987e+15
1278936 2.768987e+15
1296727 2.768987e+15
1314767 2.768987e+15
1333057 2.768987e+15
1351602 2.768987e+15
1370404 2.768987e+15
1389468 2.768987e+15
