# 100 abundance file read
4 1.330961e+11
5 1.330961e+11
6 1.330961e+11
7 1.330961e+11
8 1.330961e+11
9 1.330961e+11
10 1.330961e+11
11 1.330961e+11
12 1.330961e+11
13 1.330961e+11
14 1.330961e+11
15 1.330961e+11
16 1.330961e+11
17 1.330961e+11
18 1.330961e+11
19 1.330961e+11
20 1.330961e+11
21 1.330961e+11
22 1.330961e+11
23 1.330961e+11
24 1.330961e+11
25 1.330961e+11
26 1.330961e+11
27 1.330961e+11
28 1.330961e+11
29 1.330961e+11
30 1.330961e+11
31 1.330961e+11
32 1.366063e+11
33 1.400887e+11
34 1.435438e+11
35 1.469721e+11
36 1.503782e+11
37 1.537633e+11
38 1.571257e+11
39 1.604717e+11
40 1.638004e+11
41 1.671151e+11
42 1.704126e+11
43 1.736984e+11
44 1.769693e+11
45 1.802298e+11
46 1.834807e+11
47 1.867219e+11
48 1.899516e+11
49 1.931736e+11
50 1.963860e+11
51 1.995894e+11
52 2.027876e+11
53 2.059783e+11
54 2.091646e+11
55 2.123439e+11
56 2.155165e+11
57 2.186838e+11
58 2.218440e+11
59 2.250015e+11
60 2.281543e+11
61 2.313037e+11
62 2.344476e+11
63 2.375884e+11
64 2.407289e+11
65 2.438669e+11
66 2.469979e+11
67 2.501271e+11
68 2.532514e+11
69 2.563709e+11
70 2.594903e+11
71 2.626103e+11
72 2.657246e+11
73 2.688402e+11
74 2.719525e+11
75 2.750593e+11
76 2.781622e+11
77 2.812695e+11
78 2.843729e+11
79 2.874738e+11
80 2.905728e+11
81 2.936718e+11
82 2.967654e+11
84 3.029532e+11
85 3.060448e+11
86 3.091366e+11
87 3.122266e+11
88 3.153189e+11
90 3.214963e+11
91 3.245855e+11
92 3.276725e+11
93 3.307577e+11
95 3.369267e+11
96 3.400073e+11
97 3.430903e+11
99 3.492515e+11
100 3.523294e+11
102 3.584885e+11
103 3.615700e+11
104 3.646479e+11
106 3.707998e+11
107 3.738747e+11
109 3.800262e+11
110 3.831018e+11
112 3.892516e+11
113 3.923223e+11
115 3.984664e+11
117 4.046126e+11
118 4.076881e+11
120 4.138301e+11
122 4.199745e+11
123 4.230483e+11
125 4.291890e+11
127 4.353270e+11
129 4.414728e+11
130 4.445373e+11
132 4.506761e+11
134 4.568104e+11
136 4.629444e+11
138 4.690859e+11
140 4.752270e+11
142 4.813600e+11
144 4.874896e+11
146 4.936206e+11
148 4.997463e+11
150 5.058779e+11
152 5.120153e+11
154 5.181380e+11
156 5.242678e+11
158 5.303949e+11
161 5.395709e+11
163 5.456901e+11
165 5.518102e+11
167 5.579286e+11
170 5.671064e+11
172 5.732183e+11
174 5.793265e+11
177 5.884936e+11
179 5.946027e+11
182 6.037633e+11
184 6.098719e+11
187 6.190323e+11
190 6.281795e+11
192 6.342670e+11
195 6.433965e+11
198 6.525265e+11
200 6.586102e+11
203 6.677362e+11
206 6.768646e+11
209 6.859868e+11
212 6.951046e+11
215 7.042134e+11
218 7.133104e+11
221 7.224081e+11
224 7.314938e+11
227 7.405709e+11
230 7.496610e+11
233 7.587222e+11
237 7.708215e+11
240 7.798811e+11
243 7.889416e+11
247 8.010096e+11
250 8.100510e+11
254 8.220918e+11
257 8.311066e+11
261 8.431436e+11
264 8.521461e+11
268 8.641455e+11
272 8.761284e+11
275 8.851012e+11
279 8.970862e+11
283 9.090556e+11
287 9.210066e+11
291 9.329310e+11
295 9.448431e+11
299 9.567600e+11
303 9.686271e+11
308 9.834797e+11
312 9.953406e+11
316 1.007183e+12
321 1.021954e+12
325 1.033763e+12
330 1.048529e+12
334 1.060317e+12
339 1.075040e+12
344 1.089731e+12
349 1.104447e+12
353 1.116199e+12
358 1.130842e+12
363 1.145460e+12
368 1.160059e+12
373 1.174658e+12
379 1.192102e+12
384 1.206658e+12
389 1.221159e+12
395 1.238594e+12
400 1.253110e+12
406 1.270498e+12
411 1.284958e+12
417 1.302308e+12
423 1.319644e+12
429 1.336937e+12
435 1.354165e+12
441 1.371408e+12
447 1.388605e+12
453 1.405789e+12
460 1.425797e+12
466 1.442945e+12
472 1.460058e+12
479 1.480006e+12
486 1.499920e+12
493 1.519762e+12
499 1.536757e+12
506 1.556590e+12
513 1.576391e+12
521 1.598983e+12
528 1.618707e+12
535 1.638397e+12
543 1.660924e+12
550 1.680556e+12
558 1.702984e+12
566 1.725390e+12
573 1.744969e+12
581 1.767310e+12
589 1.789666e+12
598 1.814798e+12
606 1.837112e+12
614 1.859354e+12
623 1.884368e+12
632 1.909317e+12
640 1.931525e+12
649 1.956459e+12
658 1.981296e+12
668 2.008912e+12
677 2.033688e+12
686 2.058463e+12
696 2.085939e+12
706 2.113390e+12
715 2.138023e+12
725 2.165432e+12
735 2.192842e+12
746 2.222922e+12
756 2.250193e+12
767 2.280211e+12
777 2.307490e+12
788 2.337472e+12
799 2.367463e+12
810 2.397375e+12
821 2.427271e+12
833 2.459783e+12
844 2.489671e+12
856 2.522094e+12
868 2.554465e+12
880 2.587010e+12
892 2.619367e+12
905 2.654492e+12
918 2.689516e+12
930 2.721776e+12
943 2.756792e+12
956 2.791712e+12
970 2.829275e+12
983 2.864172e+12
997 2.901757e+12
1011 2.939260e+12
1025 2.976731e+12
1039 3.014318e+12
1054 3.054530e+12
1068 3.092034e+12
1083 3.132182e+12
1098 3.172169e+12
1113 3.212302e+12
1129 3.255169e+12
1145 3.297932e+12
1161 3.340760e+12
1177 3.383475e+12
1193 3.426166e+12
1210 3.471455e+12
1227 3.516721e+12
1244 3.561965e+12
1261 3.607185e+12
1278 3.652467e+12
1296 3.700291e+12
1314 3.748180e+12
1333 3.798653e+12
1351 3.846500e+12
1370 3.897128e+12
1389 3.947690e+12
1408 3.998206e+12
1428 4.051272e+12
1448 4.104529e+12
1468 4.157723e+12
1488 4.210908e+12
1509 4.266677e+12
1530 4.322298e+12
1551 4.378052e+12
1573 4.436490e+12
1595 4.494818e+12
1617 4.553199e+12
1640 4.614282e+12
1662 4.672984e+12
1685 4.733976e+12
1709 4.797433e+12
1733 4.860942e+12
1757 4.924634e+12
1781 4.988418e+12
1806 5.055214e+12
1831 5.121635e+12
1857 5.190263e+12
1882 5.256597e+12
1909 5.328082e+12
1935 5.396992e+12
1962 5.468349e+12
1989 5.539844e+12
2017 5.614350e+12
2045 5.688483e+12
2074 5.765075e+12
2103 5.841719e+12
2132 5.918453e+12
2161 5.995132e+12
2192 6.077350e+12
2222 6.156892e+12
2253 6.239299e+12
2284 6.321033e+12
2316 6.405700e+12
2348 6.490468e+12
2381 6.577941e+12
2414 6.665235e+12
2448 6.755258e+12
2482 6.845125e+12
2516 6.934804e+12
2551 7.027627e+12
2587 7.123320e+12
2623 7.218797e+12
2659 7.313780e+12
2696 7.412541e+12
2734 7.513360e+12
2772 7.614333e+12
2810 7.714824e+12
2850 7.820877e+12
2889 7.923940e+12
2929 8.029793e+12
2970 8.138468e+12
3011 8.247118e+12
3053 8.358287e+12
3096 8.472225e+12
3139 8.585830e+12
3183 8.702686e+12
3227 8.819552e+12
3272 8.938346e+12
3317 9.057451e+12
3363 9.179019e+12
3410 9.303249e+12
3458 9.430231e+12
3506 9.556681e+12
3555 9.686626e+12
3604 9.816236e+12
3654 9.948148e+12
3705 1.008309e+13
3757 1.022011e+13
3809 1.035658e+13
3862 1.049710e+13
3916 1.063959e+13
3970 1.078306e+13
4025 1.092867e+13
4081 1.107603e+13
4138 1.122579e+13
4196 1.137856e+13
4254 1.153100e+13
4313 1.168632e+13
4373 1.184473e+13
4434 1.200640e+13
4496 1.216925e+13
4558 1.233336e+13
4622 1.250229e+13
4686 1.267021e+13
4751 1.284128e+13
4817 1.301561e+13
4884 1.319197e+13
4952 1.337126e+13
5021 1.355260e+13
5091 1.373694e+13
5162 1.392448e+13
5234 1.411468e+13
5306 1.430397e+13
5380 1.449861e+13
5455 1.469782e+13
5531 1.489741e+13
5608 1.510007e+13
5686 1.530746e+13
5765 1.551661e+13
5845 1.572589e+13
5927 1.594168e+13
6009 1.615758e+13
6093 1.637701e+13
6178 1.660209e+13
6263 1.682703e+13
6351 1.705963e+13
6439 1.729066e+13
6529 1.752772e+13
6619 1.776480e+13
6711 1.800603e+13
6805 1.825575e+13
6899 1.850583e+13
6995 1.875830e+13
7093 1.901547e+13
7191 1.927286e+13
7292 1.953892e+13
7393 1.980361e+13
7496 2.007322e+13
7600 2.034829e+13
7706 2.062494e+13
7813 2.090640e+13
7922 2.119345e+13
8032 2.148112e+13
8144 2.177306e+13
8257 2.206864e+13
8372 2.236930e+13
8488 2.267342e+13
8606 2.298466e+13
8726 2.329711e+13
8848 2.361753e+13
8971 2.393986e+13
9095 2.426526e+13
9222 2.459724e+13
9350 2.493246e+13
9480 2.527329e+13
9612 2.562104e+13
9746 2.597571e+13
9882 2.633104e+13
10019 2.668787e+13
10158 2.705122e+13
10300 2.742238e+13
10443 2.779880e+13
10588 2.818152e+13
10736 2.856832e+13
10885 2.895982e+13
11036 2.935215e+13
11190 2.975885e+13
11346 3.016417e+13
11503 3.057431e+13
11664 3.099522e+13
11826 3.142050e+13
11990 3.184969e+13
12157 3.229147e+13
12326 3.272984e+13
12498 3.317566e+13
12672 3.363123e+13
12848 3.408633e+13
13027 3.455468e+13
13208 3.502328e+13
13392 3.549999e+13
13578 3.598238e+13
13767 3.646954e+13
13958 3.696590e+13
14153 3.747776e+13
14349 3.798317e+13
14549 3.849447e+13
14751 3.902526e+13
14957 3.955894e+13
15165 4.010238e+13
15376 4.065298e+13
15590 4.120885e+13
15806 4.177144e+13
16026 4.233914e+13
16249 4.292668e+13
16475 4.351425e+13
16705 4.411169e+13
16937 4.471723e+13
17173 4.533691e+13
17412 4.596041e+13
17654 4.658754e+13
17899 4.721629e+13
18148 4.786161e+13
18401 4.852286e+13
18657 4.918356e+13
18916 4.986029e+13
19180 5.056181e+13
19446 5.124824e+13
19717 5.194945e+13
19991 5.267226e+13
20269 5.339855e+13
20551 5.414049e+13
20837 5.487172e+13
21127 5.562069e+13
21421 5.638934e+13
21719 5.716297e+13
22021 5.794748e+13
22327 5.872736e+13
22638 5.953422e+13
22953 6.035704e+13
23272 6.117986e+13
23596 6.201651e+13
23924 6.285933e+13
24257 6.371867e+13
24595 6.461056e+13
24937 6.548208e+13
25284 6.637641e+13
25635 6.726608e+13
25992 6.819814e+13
26354 6.912407e+13
26720 7.007958e+13
27092 7.100225e+13
27469 7.196721e+13
27851 7.296135e+13
28238 7.396865e+13
28631 7.498574e+13
29030 7.600069e+13
29433 7.705227e+13
29843 7.809662e+13
30258 7.917223e+13
30679 8.023344e+13
31106 8.132983e+13
31539 8.244770e+13
31977 8.357772e+13
32422 8.471681e+13
32873 8.584161e+13
33331 8.703726e+13
33794 8.821538e+13
34264 8.942268e+13
34741 9.067811e+13
35224 9.192333e+13
35714 9.322404e+13
36211 9.451085e+13
36715 9.582425e+13
37226 9.714606e+13
37744 9.848799e+13
38269 9.982574e+13
38801 1.012056e+14
39341 1.026191e+14
39888 1.040324e+14
40443 1.054136e+14
41006 1.068931e+14
41576 1.083491e+14
42154 1.098564e+14
42741 1.113763e+14
43336 1.128452e+14
43938 1.143182e+14
44550 1.159778e+14
45169 1.175810e+14
45798 1.192578e+14
46435 1.209199e+14
47081 1.225500e+14
47736 1.242273e+14
48400 1.259790e+14
49073 1.277630e+14
49756 1.294564e+14
50448 1.312958e+14
51150 1.331938e+14
51861 1.350013e+14
52583 1.367161e+14
53314 1.386293e+14
54056 1.405537e+14
54808 1.424146e+14
55571 1.444840e+14
56344 1.463892e+14
57127 1.484600e+14
57922 1.506324e+14
58728 1.527610e+14
59545 1.549322e+14
60373 1.570345e+14
61213 1.592556e+14
62065 1.614125e+14
62928 1.635762e+14
63804 1.657809e+14
64691 1.681030e+14
65591 1.704732e+14
66504 1.727871e+14
67429 1.751701e+14
68367 1.776771e+14
69318 1.800537e+14
70282 1.826028e+14
71260 1.850391e+14
72251 1.875728e+14
73256 1.901948e+14
74276 1.928698e+14
75309 1.954799e+14
76356 1.982783e+14
77419 2.010948e+14
78496 2.041259e+14
79588 2.068730e+14
80695 2.098374e+14
81817 2.126160e+14
82956 2.152758e+14
84110 2.180931e+14
85280 2.208341e+14
86466 2.242602e+14
87669 2.273584e+14
88889 2.304006e+14
90125 2.334534e+14
91379 2.365472e+14
92650 2.400987e+14
93939 2.435529e+14
95246 2.467961e+14
96571 2.503792e+14
97914 2.537821e+14
99277 2.572201e+14
100658 2.606657e+14
102058 2.641697e+14
103478 2.680872e+14
104917 2.714330e+14
106377 2.747922e+14
107857 2.783138e+14
109357 2.821538e+14
110878 2.854946e+14
112421 2.892048e+14
113985 2.934384e+14
115570 2.974642e+14
117178 3.015231e+14
118808 3.058839e+14
120461 3.099875e+14
122137 3.139451e+14
123836 3.180964e+14
125559 3.223586e+14
127305 3.266797e+14
129076 3.312250e+14
130872 3.359567e+14
132693 3.406251e+14
134539 3.450515e+14
136410 3.505164e+14
138308 3.549591e+14
140232 3.609795e+14
142183 3.665815e+14
144161 3.735506e+14
146166 3.784300e+14
148200 3.837558e+14
150261 3.894725e+14
152352 3.946885e+14
154471 4.007071e+14
156620 4.067443e+14
158799 4.134398e+14
161008 4.185319e+14
163248 4.245433e+14
165519 4.314480e+14
167821 4.366901e+14
170156 4.432490e+14
172523 4.482651e+14
174923 4.535939e+14
177357 4.601594e+14
179824 4.672620e+14
182326 4.753433e+14
184862 4.819291e+14
187434 4.870075e+14
190041 4.941135e+14
192685 5.008831e+14
195365 5.112916e+14
198083 5.155881e+14
200839 5.260490e+14
203633 5.317527e+14
206466 5.344028e+14
209338 5.420970e+14
212250 5.512642e+14
215203 5.587616e+14
218197 5.650214e+14
221232 5.717098e+14
224310 5.799551e+14
227430 5.901314e+14
230594 5.975402e+14
233802 6.127172e+14
237054 6.204402e+14
240352 6.305431e+14
243696 6.378694e+14
247086 6.478132e+14
250523 6.520693e+14
254008 6.710351e+14
257542 6.791119e+14
261125 7.006831e+14
264757 7.152238e+14
268441 7.319522e+14
272175 7.365546e+14
275961 7.365546e+14
279800 7.516017e+14
283693 7.689327e+14
287639 7.821227e+14
291641 8.051993e+14
295698 8.140146e+14
299811 8.235341e+14
303982 8.235341e+14
308211 8.338744e+14
312499 8.338744e+14
316846 8.451837e+14
321254 8.576532e+14
325723 8.576532e+14
330254 8.715368e+14
334848 8.871801e+14
339507 9.259277e+14
344230 9.259277e+14
349018 9.259277e+14
353874 9.508771e+14
358797 9.508771e+14
363788 9.818218e+14
368849 1.022372e+15
373980 1.080753e+15
379182 1.080753e+15
384457 1.080753e+15
389806 1.183760e+15
395229 1.183760e+15
400727 1.183760e+15
406301 1.183760e+15
411954 1.183760e+15
