# 100 abundance file read
4 1.323852e+11
5 1.323852e+11
6 1.323852e+11
7 1.323852e+11
8 1.323852e+11
9 1.323852e+11
10 1.323852e+11
11 1.323852e+11
12 1.323852e+11
13 1.323852e+11
14 1.323852e+11
15 1.323852e+11
16 1.323852e+11
17 1.323852e+11
18 1.323852e+11
19 1.323852e+11
20 1.323852e+11
21 1.323852e+11
22 1.323852e+11
23 1.323852e+11
24 1.323852e+11
25 1.323852e+11
26 1.323852e+11
27 1.323852e+11
28 1.323852e+11
29 1.323852e+11
30 1.323852e+11
31 1.323852e+11
32 1.358100e+11
33 1.392047e+11
34 1.425737e+11
35 1.459159e+11
36 1.492348e+11
37 1.525299e+11
38 1.558054e+11
39 1.590604e+11
40 1.622974e+11
41 1.655180e+11
42 1.687251e+11
43 1.719164e+11
44 1.750921e+11
45 1.782579e+11
46 1.814130e+11
47 1.845576e+11
48 1.876911e+11
49 1.908173e+11
50 1.939307e+11
51 1.970376e+11
52 2.001373e+11
53 2.032281e+11
54 2.063131e+11
55 2.093902e+11
56 2.124579e+11
57 2.155245e+11
58 2.185830e+11
59 2.216365e+11
60 2.246867e+11
61 2.277314e+11
62 2.307718e+11
63 2.338070e+11
64 2.368410e+11
65 2.398703e+11
66 2.428975e+11
67 2.459172e+11
68 2.489334e+11
69 2.519503e+11
70 2.549629e+11
71 2.579746e+11
72 2.609838e+11
73 2.639893e+11
74 2.669916e+11
75 2.699911e+11
76 2.729910e+11
77 2.759882e+11
78 2.789847e+11
79 2.819779e+11
80 2.849702e+11
81 2.879645e+11
82 2.909583e+11
84 2.969285e+11
85 2.999093e+11
86 3.028917e+11
87 3.058751e+11
88 3.088584e+11
90 3.148146e+11
91 3.177920e+11
92 3.207680e+11
93 3.237458e+11
95 3.296942e+11
96 3.326677e+11
97 3.356412e+11
99 3.415799e+11
100 3.445541e+11
102 3.504892e+11
103 3.534568e+11
104 3.564261e+11
106 3.623571e+11
107 3.653248e+11
109 3.712658e+11
110 3.742340e+11
112 3.801706e+11
113 3.831326e+11
115 3.890665e+11
117 3.949921e+11
118 3.979480e+11
120 4.038742e+11
122 4.097963e+11
123 4.127592e+11
125 4.186833e+11
127 4.246033e+11
129 4.305206e+11
130 4.334830e+11
132 4.393956e+11
134 4.453121e+11
136 4.512281e+11
138 4.571407e+11
140 4.630514e+11
142 4.689644e+11
144 4.748818e+11
146 4.807963e+11
148 4.867212e+11
150 4.926384e+11
152 4.985519e+11
154 5.044698e+11
156 5.103779e+11
158 5.162879e+11
161 5.251494e+11
163 5.310530e+11
165 5.369619e+11
167 5.428789e+11
170 5.517359e+11
172 5.576384e+11
174 5.635538e+11
177 5.724098e+11
179 5.783135e+11
182 5.871798e+11
184 5.930752e+11
187 6.019261e+11
190 6.107858e+11
192 6.166866e+11
195 6.255246e+11
198 6.343670e+11
200 6.402617e+11
203 6.491073e+11
206 6.579558e+11
209 6.667829e+11
212 6.756114e+11
215 6.844320e+11
218 6.932557e+11
221 7.020857e+11
224 7.108970e+11
227 7.197133e+11
230 7.285086e+11
233 7.373192e+11
237 7.490552e+11
240 7.578439e+11
243 7.666256e+11
247 7.783412e+11
250 7.871308e+11
254 7.988351e+11
257 8.076035e+11
261 8.192780e+11
264 8.280312e+11
268 8.397020e+11
272 8.513707e+11
275 8.601299e+11
279 8.717796e+11
283 8.834404e+11
287 8.950855e+11
291 9.067139e+11
295 9.183298e+11
299 9.299495e+11
303 9.415365e+11
308 9.560198e+11
312 9.676064e+11
316 9.791639e+11
321 9.936391e+11
325 1.005206e+12
330 1.019631e+12
334 1.031169e+12
339 1.045598e+12
344 1.060007e+12
349 1.074366e+12
353 1.085859e+12
358 1.100232e+12
363 1.114568e+12
368 1.128916e+12
373 1.143242e+12
379 1.160416e+12
384 1.174731e+12
389 1.189021e+12
395 1.206147e+12
400 1.220399e+12
406 1.237494e+12
411 1.251705e+12
417 1.268752e+12
423 1.285789e+12
429 1.302794e+12
435 1.319739e+12
441 1.336683e+12
447 1.353644e+12
453 1.370577e+12
460 1.390356e+12
466 1.407252e+12
472 1.424168e+12
479 1.443842e+12
486 1.463495e+12
493 1.483137e+12
499 1.499959e+12
506 1.519573e+12
513 1.539120e+12
521 1.561509e+12
528 1.581028e+12
535 1.600562e+12
543 1.622863e+12
550 1.642332e+12
558 1.664562e+12
566 1.686794e+12
573 1.706264e+12
581 1.728471e+12
589 1.750651e+12
598 1.775626e+12
606 1.797808e+12
614 1.819990e+12
623 1.844861e+12
632 1.869736e+12
640 1.891804e+12
649 1.916651e+12
658 1.941408e+12
668 1.968965e+12
677 1.993721e+12
686 2.018527e+12
696 2.045975e+12
706 2.073488e+12
715 2.098179e+12
725 2.125642e+12
735 2.153048e+12
746 2.183193e+12
756 2.210533e+12
767 2.240584e+12
777 2.267910e+12
788 2.297944e+12
799 2.328026e+12
810 2.358039e+12
821 2.387997e+12
833 2.420802e+12
844 2.450793e+12
856 2.483546e+12
868 2.516244e+12
880 2.548869e+12
892 2.581534e+12
905 2.616836e+12
918 2.652250e+12
930 2.684888e+12
943 2.720230e+12
956 2.755552e+12
970 2.793591e+12
983 2.828961e+12
997 2.867045e+12
1011 2.905171e+12
1025 2.943196e+12
1039 2.981154e+12
1054 3.021988e+12
1068 3.059846e+12
1083 3.100545e+12
1098 3.141171e+12
1113 3.181860e+12
1129 3.225273e+12
1145 3.268793e+12
1161 3.312236e+12
1177 3.355819e+12
1193 3.399289e+12
1210 3.445271e+12
1227 3.491307e+12
1244 3.537397e+12
1261 3.583473e+12
1278 3.629525e+12
1296 3.678333e+12
1314 3.727050e+12
1333 3.778744e+12
1351 3.827656e+12
1370 3.879160e+12
1389 3.930706e+12
1408 3.982239e+12
1428 4.036559e+12
1448 4.090745e+12
1468 4.145074e+12
1488 4.199503e+12
1509 4.256433e+12
1530 4.313586e+12
1551 4.370604e+12
1573 4.430269e+12
1595 4.489708e+12
1617 4.549583e+12
1640 4.612066e+12
1662 4.671606e+12
1685 4.734088e+12
1709 4.799292e+12
1733 4.864330e+12
1757 4.929445e+12
1781 4.994477e+12
1806 5.062424e+12
1831 5.130269e+12
1857 5.200772e+12
1882 5.268599e+12
1909 5.341996e+12
1935 5.412719e+12
1962 5.486403e+12
1989 5.560152e+12
2017 5.636004e+12
2045 5.712107e+12
2074 5.791095e+12
2103 5.869905e+12
2132 5.948894e+12
2161 6.028129e+12
2192 6.112513e+12
2222 6.194135e+12
2253 6.278285e+12
2284 6.362268e+12
2316 6.449333e+12
2348 6.536696e+12
2381 6.626589e+12
2414 6.716296e+12
2448 6.808282e+12
2482 6.901184e+12
2516 6.993988e+12
2551 7.089365e+12
2587 7.187315e+12
2623 7.285604e+12
2659 7.383767e+12
2696 7.484113e+12
2734 7.587758e+12
2772 7.691393e+12
2810 7.794792e+12
2850 7.903663e+12
2889 8.009859e+12
2929 8.119051e+12
2970 8.230788e+12
3011 8.343107e+12
3053 8.458046e+12
3096 8.575165e+12
3139 8.691843e+12
3183 8.811874e+12
3227 8.931716e+12
3272 9.054425e+12
3317 9.177722e+12
3363 9.302915e+12
3410 9.431584e+12
3458 9.562622e+12
3506 9.693752e+12
3555 9.827633e+12
3604 9.960884e+12
3654 1.009786e+13
3705 1.023699e+13
3757 1.037914e+13
3809 1.052095e+13
3862 1.066561e+13
3916 1.081238e+13
3970 1.095922e+13
4025 1.110947e+13
4081 1.126227e+13
4138 1.141728e+13
4196 1.157465e+13
4254 1.173420e+13
4313 1.189529e+13
4373 1.205924e+13
4434 1.222501e+13
4496 1.239439e+13
4558 1.256391e+13
4622 1.273885e+13
4686 1.291342e+13
4751 1.309182e+13
4817 1.327302e+13
4884 1.345510e+13
4952 1.364150e+13
5021 1.383080e+13
5091 1.402061e+13
5162 1.421440e+13
5234 1.441078e+13
5306 1.460916e+13
5380 1.481197e+13
5455 1.501786e+13
5531 1.522425e+13
5608 1.543678e+13
5686 1.565004e+13
5765 1.586604e+13
5845 1.608487e+13
5927 1.630912e+13
6009 1.653346e+13
6093 1.676285e+13
6178 1.699856e+13
6263 1.723112e+13
6351 1.747127e+13
6439 1.771252e+13
6529 1.795839e+13
6619 1.820254e+13
6711 1.845317e+13
6805 1.871113e+13
6899 1.896608e+13
6995 1.922490e+13
7093 1.949370e+13
7191 1.976052e+13
7292 2.003521e+13
7393 2.031244e+13
7496 2.059648e+13
7600 2.087827e+13
7706 2.116922e+13
7813 2.146194e+13
7922 2.175941e+13
8032 2.206198e+13
8144 2.236789e+13
8257 2.267830e+13
8372 2.299344e+13
8488 2.331142e+13
8606 2.363599e+13
8726 2.396166e+13
8848 2.429600e+13
8971 2.462962e+13
9095 2.496989e+13
9222 2.532075e+13
9350 2.567232e+13
9480 2.602736e+13
9612 2.638850e+13
9746 2.675665e+13
9882 2.712747e+13
10019 2.750247e+13
10158 2.788194e+13
10300 2.826854e+13
10443 2.865560e+13
10588 2.905121e+13
10736 2.945235e+13
10885 2.985515e+13
11036 3.026202e+13
11190 3.068209e+13
11346 3.110653e+13
11503 3.153787e+13
11664 3.197588e+13
11826 3.241994e+13
11990 3.286784e+13
12157 3.333143e+13
12326 3.378775e+13
12498 3.426470e+13
12672 3.474271e+13
12848 3.522364e+13
13027 3.570716e+13
13208 3.620248e+13
13392 3.670608e+13
13578 3.720706e+13
13767 3.772256e+13
13958 3.824629e+13
14153 3.879018e+13
14349 3.931503e+13
14549 3.986293e+13
14751 4.041084e+13
14957 4.096973e+13
15165 4.154057e+13
15376 4.212398e+13
15590 4.269784e+13
15806 4.328247e+13
16026 4.389335e+13
16249 4.450959e+13
16475 4.512062e+13
16705 4.573931e+13
16937 4.638772e+13
17173 4.704972e+13
17412 4.769314e+13
17654 4.835565e+13
17899 4.902993e+13
18148 4.969408e+13
18401 5.037617e+13
18657 5.107484e+13
18916 5.178160e+13
19180 5.248639e+13
19446 5.321029e+13
19717 5.392355e+13
19991 5.467093e+13
20269 5.543268e+13
20551 5.618811e+13
20837 5.697043e+13
21127 5.777071e+13
21421 5.858966e+13
21719 5.940930e+13
22021 6.023671e+13
22327 6.103940e+13
22638 6.188180e+13
22953 6.273295e+13
23272 6.358875e+13
23596 6.446980e+13
23924 6.536631e+13
24257 6.626482e+13
24595 6.720010e+13
24937 6.812936e+13
25284 6.908562e+13
25635 7.005328e+13
25992 7.103921e+13
26354 7.200816e+13
26720 7.297539e+13
27092 7.400336e+13
27469 7.501885e+13
27851 7.604526e+13
28238 7.711346e+13
28631 7.817564e+13
29030 7.928699e+13
29433 8.037016e+13
29843 8.154966e+13
30258 8.272476e+13
30679 8.387890e+13
31106 8.503138e+13
31539 8.616861e+13
31977 8.735722e+13
32422 8.859488e+13
32873 8.982255e+13
33331 9.106928e+13
33794 9.238643e+13
34264 9.362567e+13
34741 9.484967e+13
35224 9.619435e+13
35714 9.759381e+13
36211 9.894668e+13
36715 1.003396e+14
37226 1.017506e+14
37744 1.031919e+14
38269 1.046014e+14
38801 1.060615e+14
39341 1.075188e+14
39888 1.090372e+14
40443 1.105375e+14
41006 1.120190e+14
41576 1.134653e+14
42154 1.149507e+14
42741 1.165614e+14
43336 1.182216e+14
43938 1.198269e+14
44550 1.214708e+14
45169 1.233574e+14
45798 1.250740e+14
46435 1.268277e+14
47081 1.285335e+14
47736 1.303032e+14
48400 1.321036e+14
49073 1.339634e+14
49756 1.358512e+14
50448 1.377721e+14
51150 1.398266e+14
51861 1.417031e+14
52583 1.436649e+14
53314 1.456691e+14
54056 1.477349e+14
54808 1.496135e+14
55571 1.518458e+14
56344 1.539526e+14
57127 1.560121e+14
57922 1.581044e+14
58728 1.602140e+14
59545 1.626797e+14
60373 1.649571e+14
61213 1.674686e+14
62065 1.696648e+14
62928 1.721488e+14
63804 1.745219e+14
64691 1.769772e+14
65591 1.793361e+14
66504 1.817311e+14
67429 1.844015e+14
68367 1.871831e+14
69318 1.894945e+14
70282 1.920785e+14
71260 1.944698e+14
72251 1.970770e+14
73256 1.996554e+14
74276 2.024431e+14
75309 2.054303e+14
76356 2.081065e+14
77419 2.107055e+14
78496 2.135483e+14
79588 2.167442e+14
80695 2.197461e+14
81817 2.233686e+14
82956 2.265815e+14
84110 2.298886e+14
85280 2.330512e+14
86466 2.363525e+14
87669 2.400804e+14
88889 2.430867e+14
90125 2.461010e+14
91379 2.491593e+14
92650 2.515637e+14
93939 2.544452e+14
95246 2.587154e+14
96571 2.629878e+14
97914 2.664445e+14
99277 2.702730e+14
100658 2.737907e+14
102058 2.776248e+14
103478 2.814844e+14
104917 2.860850e+14
106377 2.898941e+14
107857 2.932378e+14
109357 2.980180e+14
110878 3.019984e+14
112421 3.049788e+14
113985 3.105822e+14
115570 3.137401e+14
117178 3.186486e+14
118808 3.238118e+14
120461 3.285025e+14
122137 3.327677e+14
123836 3.377772e+14
125559 3.418130e+14
127305 3.463696e+14
129076 3.534558e+14
130872 3.604763e+14
132693 3.656111e+14
134539 3.730154e+14
136410 3.792618e+14
138308 3.834802e+14
140232 3.898609e+14
142183 3.953250e+14
144161 3.995877e+14
146166 4.102471e+14
148200 4.169446e+14
150261 4.205441e+14
152352 4.267057e+14
154471 4.325627e+14
156620 4.379854e+14
158799 4.458977e+14
161008 4.469488e+14
163248 4.535861e+14
165519 4.647872e+14
167821 4.748028e+14
170156 4.779215e+14
172523 4.828483e+14
174923 4.918216e+14
177357 4.998190e+14
179824 5.111004e+14
182326 5.111004e+14
184862 5.271275e+14
187434 5.332565e+14
190041 5.398791e+14
192685 5.509242e+14
195365 5.549561e+14
198083 5.683555e+14
200839 5.842619e+14
203633 6.113674e+14
206466 6.288529e+14
209338 6.505746e+14
212250 6.974680e+14
215203 7.202650e+14
218197 7.202650e+14
221232 7.202650e+14
224310 7.202650e+14
227430 7.202650e+14
230594 7.501532e+14
233802 7.501532e+14
237054 7.932094e+14
240352 7.932094e+14
243696 8.692329e+14
247086 8.692329e+14
250523 8.692329e+14
254008 8.692329e+14
257542 8.692329e+14
