0.290000 0.000010
0.310000 0.000049
0.330000 0.000211
0.350000 0.000681
0.370000 0.001808
0.390000 0.003878
0.410000 0.006941
0.430000 0.010527
0.450000 0.013710
0.470000 0.015929
0.490000 0.017159
0.510000 0.017505
0.530000 0.017410
0.550000 0.017114
0.570000 0.016695
0.590000 0.016160
0.610000 0.015616
0.630000 0.015072
0.650000 0.014433
0.670000 0.013843
0.690000 0.013168
0.710000 0.012503
0.730000 0.011777
0.750000 0.011121
0.770000 0.010367
0.790000 0.009577
0.810000 0.008798
0.830000 0.008036
0.850000 0.007299
0.870000 0.006544
0.890000 0.005800
0.910000 0.005112
0.930000 0.004456
0.950000 0.003834
0.970000 0.003307
0.990000 0.002825
1.010000 0.002381
1.030000 0.001997
1.050000 0.001667
1.070000 0.001390
1.090000 0.001145
1.110000 0.000939
1.130000 0.000769
1.150000 0.000653
1.170000 0.000538
1.190000 0.000451
1.210000 0.000376
1.230000 0.000320
1.250000 0.000271
1.270000 0.000234
1.290000 0.000205
1.310000 0.000178
1.330000 0.000154
1.350000 0.000133
1.370000 0.000116
1.390000 0.000104
1.410000 0.000092
1.430000 0.000081
1.450000 0.000073
1.470000 0.000066
1.490000 0.000060
1.510000 0.000054
1.530000 0.000051
1.550000 0.000043
1.570000 0.000038
1.590000 0.000035
1.610000 0.000033
1.630000 0.000031
1.650000 0.000029
1.670000 0.000027
1.690000 0.000025
1.710000 0.000023
1.730000 0.000021
1.750000 0.000020
1.770000 0.000019
1.790000 0.000017
1.810000 0.000016
1.830000 0.000016
1.850000 0.000014
1.870000 0.000014
1.890000 0.000013
1.910000 0.000013
1.930000 0.000012
1.950000 0.000012
1.970000 0.000011
1.990000 0.000011
